68
22 -3 28 3
22 0 28 6
25 0 31 6
0 4 6 10
56 5 62 11
24 6 30 12
80 7 86 13
25 9 31 15
33 11 39 17
61 12 67 18
73 12 79 18
96 13 102 19
35 14 41 20
70 14 76 20
12 17 18 23
75 20 81 26
90 21 96 27
36 23 42 29
73 23 79 29
84 23 90 29
25 26 31 32
96 27 102 33
73 29 79 35
-3 31 3 37
75 31 81 37
2 35 8 41
83 35 89 41
10 41 16 47
79 45 85 51
32 46 38 52
94 46 100 52
25 47 31 53
76 47 82 53
-2 49 4 55
13 52 19 58
60 53 66 59
73 53 79 59
76 55 82 61
29 56 35 62
1 58 7 64
14 58 20 64
34 58 40 64
82 61 88 67
58 63 64 69
44 65 50 71
64 66 70 72
40 70 46 76
91 72 97 78
9 76 15 82
26 77 32 83
4 79 10 85
76 79 82 85
40 80 46 86
73 81 79 87
59 82 65 88
67 82 73 88
61 87 67 93
10 89 16 95
52 89 58 95
72 89 78 95
73 89 79 95
65 92 71 98
18 94 24 100
46 94 52 100
63 94 69 100
30 96 36 102
39 96 45 102
64 96 70 102
