91
22 -3 28 3
21 0 27 6
25 0 31 6
69 0 75 6
36 1 42 7
0 4 6 10
38 4 44 10
20 5 26 11
40 5 46 11
56 5 62 11
85 6 91 12
80 7 86 13
6 9 12 15
25 9 31 15
33 11 39 17
61 12 67 18
73 12 79 18
96 13 102 19
35 14 41 20
70 14 76 20
12 17 18 23
75 20 81 26
90 21 96 27
36 23 42 29
72 23 78 29
84 23 90 29
25 26 31 32
96 27 102 33
73 29 79 35
27 30 33 36
-3 31 3 37
75 32 81 38
2 35 8 41
84 35 90 41
14 36 20 42
64 38 70 44
13 39 19 45
67 40 73 46
9 41 15 47
80 44 86 50
32 46 38 52
0 47 6 53
25 47 31 53
76 48 82 54
-2 50 4 56
13 52 19 58
15 53 21 59
60 53 66 59
73 53 79 59
0 54 6 60
26 55 32 61
76 55 82 61
15 56 21 62
30 56 36 62
13 58 19 64
34 58 40 64
82 61 88 67
14 62 20 68
44 64 50 70
64 66 70 72
5 69 11 75
12 69 18 75
16 69 22 75
91 72 97 78
33 74 39 80
9 75 15 81
66 76 72 82
70 76 76 82
76 79 82 85
4 80 10 86
40 80 46 86
73 81 79 87
59 82 65 88
67 82 73 88
15 85 21 91
17 86 23 92
74 88 80 94
52 89 58 95
71 89 77 95
25 90 31 96
65 92 71 98
18 94 24 100
46 94 52 100
63 94 69 100
8 95 14 101
9 95 15 101
56 95 62 101
30 96 36 102
39 96 45 102
57 96 63 102
64 96 70 102
