457
13 -3 19 3
23 -3 29 3
58 -3 64 3
67 -3 73 3
74 -3 80 3
89 -3 95 3
7 -2 13 4
10 -2 16 4
36 -2 42 4
53 -2 59 4
75 -2 81 4
-3 -1 3 5
7 -1 13 5
49 -1 55 5
76 -1 82 5
87 -1 93 5
18 0 24 6
25 0 31 6
90 0 96 6
33 1 39 7
34 1 40 7
37 1 43 7
50 1 56 7
33 2 39 8
34 2 40 8
53 2 59 8
17 3 23 9
32 3 38 9
39 3 45 9
41 3 47 9
91 3 97 9
0 4 6 10
24 4 30 10
37 4 43 10
49 4 55 10
93 4 99 10
20 5 26 11
9 6 15 12
42 6 48 12
70 6 76 12
81 6 87 12
84 6 90 12
92 6 98 12
0 7 6 13
28 7 34 13
56 7 62 13
67 7 73 13
68 7 74 13
64 8 70 14
87 8 93 14
0 9 6 15
1 9 7 15
19 9 25 15
25 9 31 15
31 9 37 15
51 9 57 15
76 9 82 15
87 9 93 15
28 10 34 16
29 10 35 16
45 10 51 16
88 10 94 16
-3 11 3 17
18 11 24 17
42 11 48 17
62 11 68 17
63 11 69 17
68 11 74 17
80 11 86 17
15 12 21 18
40 12 46 18
46 12 52 18
61 12 67 18
75 12 81 18
86 12 92 18
89 12 95 18
27 13 33 19
75 13 81 19
26 14 32 20
27 14 33 20
35 14 41 20
39 14 45 20
52 14 58 20
69 14 75 20
80 14 86 20
83 14 89 20
96 14 102 20
16 15 22 21
26 15 32 21
2 16 8 22
42 16 48 22
94 16 100 22
74 17 80 23
0 18 6 24
3 18 9 24
12 18 18 24
32 18 38 24
59 18 65 24
79 18 85 24
80 18 86 24
84 18 90 24
23 19 29 25
32 19 38 25
38 19 44 25
68 19 74 25
75 19 81 25
88 19 94 25
0 20 6 26
23 20 29 26
37 20 43 26
59 20 65 26
34 21 40 27
65 21 71 27
75 21 81 27
85 21 91 27
86 21 92 27
90 21 96 27
31 22 37 28
47 22 53 28
59 22 65 28
7 23 13 29
25 23 31 29
58 23 64 29
60 23 66 29
66 23 72 29
69 23 75 29
70 23 76 29
84 23 90 29
89 23 95 29
4 24 10 30
11 24 17 30
18 24 24 30
23 24 29 30
36 24 42 30
48 24 54 30
66 24 72 30
-1 25 5 31
53 25 59 31
56 25 62 31
88 25 94 31
89 25 95 31
8 26 14 32
41 26 47 32
80 26 86 32
10 27 16 33
1 28 7 34
39 28 45 34
89 28 95 34
1 29 7 35
11 29 17 35
12 29 18 35
27 30 33 36
43 30 49 36
53 30 59 36
58 30 64 36
59 30 65 36
66 30 72 36
70 30 76 36
73 30 79 36
82 30 88 36
91 30 97 36
44 31 50 37
54 31 60 37
62 31 68 37
63 31 69 37
70 31 76 37
34 32 40 38
30 33 36 39
43 33 49 39
48 33 54 39
63 33 69 39
80 33 86 39
-1 34 5 40
64 34 70 40
65 34 71 40
68 34 74 40
75 34 81 40
90 34 96 40
2 35 8 41
30 35 36 41
40 35 46 41
44 35 50 41
47 35 53 41
84 35 90 41
92 35 98 41
28 36 34 42
37 36 43 42
57 36 63 42
2 37 8 43
24 37 30 43
33 37 39 43
76 37 82 43
96 37 102 43
23 38 29 44
32 38 38 44
40 38 46 44
62 38 68 44
70 38 76 44
72 38 78 44
91 38 97 44
2 39 8 45
14 39 20 45
33 39 39 45
52 39 58 45
6 40 12 46
9 40 15 46
36 40 42 46
53 40 59 46
74 40 80 46
89 40 95 46
0 41 6 47
2 41 8 47
24 41 30 47
50 41 56 47
68 41 74 47
6 42 12 48
13 42 19 48
16 42 22 48
26 42 32 48
32 42 38 48
51 42 57 48
96 42 102 48
24 43 30 49
39 43 45 49
45 43 51 49
47 43 53 49
11 44 17 50
16 44 22 50
26 44 32 50
42 44 48 50
52 44 58 50
75 44 81 50
96 44 102 50
0 45 6 51
12 45 18 51
40 45 46 51
8 46 14 52
15 46 21 52
49 46 55 52
61 46 67 52
64 46 70 52
79 46 85 52
94 46 100 52
4 47 10 53
4 48 10 54
9 48 15 54
21 48 27 54
28 48 34 54
44 48 50 54
64 48 70 54
78 48 84 54
88 48 94 54
25 49 31 55
43 49 49 55
48 49 54 55
51 49 57 55
61 49 67 55
92 49 98 55
93 49 99 55
20 50 26 56
75 50 81 56
83 50 89 56
92 50 98 56
95 50 101 56
7 51 13 57
68 51 74 57
84 51 90 57
-1 52 5 58
0 52 6 58
15 52 21 58
90 52 96 58
19 53 25 59
61 53 67 59
73 53 79 59
7 54 13 60
5 55 11 61
23 55 29 61
69 55 75 61
79 55 85 61
85 55 91 61
15 56 21 62
32 56 38 62
57 56 63 62
91 56 97 62
5 57 11 63
51 57 57 63
55 57 61 63
79 57 85 63
90 57 96 63
12 58 18 64
34 58 40 64
47 58 53 64
-2 59 4 65
41 59 47 65
79 59 85 65
86 59 92 65
39 60 45 66
50 60 56 66
69 60 75 66
90 60 96 66
91 60 97 66
96 60 102 66
2 61 8 67
20 61 26 67
82 61 88 67
14 62 20 68
23 62 29 68
73 62 79 68
26 63 32 69
48 63 54 69
54 63 60 69
58 63 64 69
64 63 70 69
95 63 101 69
-3 64 3 70
11 64 17 70
42 64 48 70
45 64 51 70
51 64 57 70
56 64 62 70
64 64 70 70
96 64 102 70
15 65 21 71
22 65 28 71
38 66 44 72
41 66 47 72
64 66 70 72
74 66 80 72
75 66 81 72
-1 67 5 73
2 67 8 73
11 67 17 73
93 67 99 73
0 68 6 74
2 68 8 74
6 68 12 74
38 68 44 74
56 68 62 74
60 68 66 74
5 69 11 75
8 69 14 75
60 69 66 75
16 70 22 76
49 71 55 77
71 71 77 77
9 72 15 78
31 72 37 78
48 72 54 78
52 72 58 78
80 72 86 78
82 72 88 78
91 72 97 78
24 73 30 79
26 73 32 79
38 73 44 79
54 73 60 79
59 73 65 79
65 73 71 79
69 73 75 79
28 74 34 80
34 74 40 80
40 74 46 80
41 74 47 80
52 74 58 80
60 74 66 80
24 75 30 81
42 75 48 81
45 75 51 81
70 76 76 82
72 76 78 82
84 76 90 82
86 76 92 82
15 77 21 83
26 77 32 83
72 77 78 83
35 78 41 84
46 78 52 84
67 78 73 84
68 78 74 84
32 79 38 85
40 79 46 85
62 79 68 85
1 80 7 86
2 80 8 86
15 80 21 86
16 80 22 86
56 80 62 86
86 80 92 86
-3 81 3 87
-1 81 5 87
12 81 18 87
20 81 26 87
44 81 50 87
56 81 62 87
63 81 69 87
4 82 10 88
36 82 42 88
40 82 46 88
47 82 53 88
67 82 73 88
51 83 57 89
87 83 93 89
39 85 45 91
88 85 94 91
93 85 99 91
17 86 23 92
66 86 72 92
19 87 25 93
53 87 59 93
63 87 69 93
67 87 73 93
69 87 75 93
75 87 81 93
9 88 15 94
19 88 25 94
34 88 40 94
52 88 58 94
12 89 18 95
28 89 34 95
47 89 53 95
27 90 33 96
43 90 49 96
96 90 102 96
13 91 19 97
46 91 52 97
74 91 80 97
91 91 97 97
-3 92 3 98
5 92 11 98
7 92 13 98
61 92 67 98
66 92 72 98
71 92 77 98
74 92 80 98
10 93 16 99
81 93 87 99
0 94 6 100
5 94 11 100
6 94 12 100
19 94 25 100
24 94 30 100
30 94 36 100
47 94 53 100
56 94 62 100
82 94 88 100
-2 95 4 101
-1 95 5 101
23 95 29 101
39 95 45 101
50 95 56 101
62 95 68 101
63 95 69 101
90 95 96 101
8 96 14 102
41 96 47 102
64 96 70 102
69 96 75 102
