1035
13 -3 19 3
15 -3 21 3
23 -3 29 3
27 -3 33 3
55 -3 61 3
67 -3 73 3
75 -3 81 3
76 -3 82 3
77 -3 83 3
89 -3 95 3
93 -3 99 3
-2 -2 4 4
6 -2 12 4
7 -2 13 4
10 -2 16 4
20 -2 26 4
26 -2 32 4
36 -2 42 4
52 -2 58 4
53 -2 59 4
75 -2 81 4
92 -2 98 4
-3 -1 3 5
6 -1 12 5
7 -1 13 5
14 -1 20 5
15 -1 21 5
29 -1 35 5
30 -1 36 5
34 -1 40 5
45 -1 51 5
72 -1 78 5
73 -1 79 5
75 -1 81 5
76 -1 82 5
85 -1 91 5
87 -1 93 5
90 -1 96 5
7 0 13 6
8 0 14 6
9 0 15 6
18 0 24 6
29 0 35 6
32 0 38 6
34 0 40 6
60 0 66 6
86 0 92 6
90 0 96 6
21 1 27 7
32 1 38 7
33 1 39 7
34 1 40 7
37 1 43 7
50 1 56 7
51 1 57 7
73 1 79 7
79 1 85 7
80 1 86 7
81 1 87 7
82 1 88 7
86 1 92 7
2 2 8 8
21 2 27 8
33 2 39 8
34 2 40 8
35 2 41 8
38 2 44 8
39 2 45 8
53 2 59 8
54 2 60 8
73 2 79 8
88 2 94 8
9 3 15 9
18 3 24 9
22 3 28 9
32 3 38 9
92 3 98 9
22 4 28 10
24 4 30 10
37 4 43 10
45 4 51 10
76 4 82 10
80 4 86 10
86 4 92 10
87 4 93 10
20 5 26 11
45 5 51 11
55 5 61 11
75 5 81 11
6 6 12 12
42 6 48 12
55 6 61 12
64 6 70 12
65 6 71 12
68 6 74 12
70 6 76 12
80 6 86 12
1 7 7 13
6 7 12 13
9 7 15 13
28 7 34 13
56 7 62 13
58 7 64 13
59 7 65 13
67 7 73 13
68 7 74 13
74 7 80 13
-1 8 5 14
11 8 17 14
12 8 18 14
45 8 51 14
53 8 59 14
54 8 60 14
63 8 69 14
68 8 74 14
75 8 81 14
84 8 90 14
85 8 91 14
90 8 96 14
91 8 97 14
-1 9 5 15
0 9 6 15
1 9 7 15
2 9 8 15
18 9 24 15
19 9 25 15
20 9 26 15
31 9 37 15
33 9 39 15
50 9 56 15
74 9 80 15
76 9 82 15
83 9 89 15
87 9 93 15
6 10 12 16
19 10 25 16
28 10 34 16
29 10 35 16
45 10 51 16
68 10 74 16
79 10 85 16
81 10 87 16
88 10 94 16
0 11 6 17
1 11 7 17
18 11 24 17
19 11 25 17
42 11 48 17
62 11 68 17
67 11 73 17
80 11 86 17
81 11 87 17
95 11 101 17
-3 12 3 18
15 12 21 18
46 12 52 18
61 12 67 18
62 12 68 18
73 12 79 18
75 12 81 18
80 12 86 18
86 12 92 18
89 12 95 18
27 13 33 19
75 13 81 19
80 13 86 19
90 13 96 19
91 13 97 19
96 13 102 19
-3 14 3 20
-2 14 4 20
26 14 32 20
35 14 41 20
39 14 45 20
46 14 52 20
69 14 75 20
86 14 92 20
16 15 22 21
17 15 23 21
20 15 26 21
26 15 32 21
28 15 34 21
29 15 35 21
44 15 50 21
72 15 78 21
73 15 79 21
74 15 80 21
83 15 89 21
2 16 8 22
16 16 22 22
66 16 72 22
94 16 100 22
17 17 23 23
32 17 38 23
42 17 48 23
44 17 50 23
56 17 62 23
57 17 63 23
61 17 67 23
64 17 70 23
65 17 71 23
74 17 80 23
84 17 90 23
0 18 6 24
2 18 8 24
13 18 19 24
24 18 30 24
59 18 65 24
61 18 67 24
64 18 70 24
68 18 74 24
82 18 88 24
92 18 98 24
11 19 17 25
23 19 29 25
27 19 33 25
32 19 38 25
38 19 44 25
39 19 45 25
40 19 46 25
64 19 70 25
75 19 81 25
88 19 94 25
-3 20 3 26
0 20 6 26
11 20 17 26
24 20 30 26
26 20 32 26
30 20 36 26
37 20 43 26
59 20 65 26
21 21 27 27
34 21 40 27
60 21 66 27
61 21 67 27
63 21 69 27
65 21 71 27
66 21 72 27
75 21 81 27
87 21 93 27
90 21 96 27
20 22 26 28
21 22 27 28
22 22 28 28
31 22 37 28
47 22 53 28
59 22 65 28
61 22 67 28
63 22 69 28
65 22 71 28
85 22 91 28
5 23 11 29
7 23 13 29
58 23 64 29
66 23 72 29
69 23 75 29
70 23 76 29
72 23 78 29
83 23 89 29
84 23 90 29
89 23 95 29
95 23 101 29
96 23 102 29
4 24 10 30
11 24 17 30
23 24 29 30
29 24 35 30
31 24 37 30
36 24 42 30
48 24 54 30
67 24 73 30
77 24 83 30
82 24 88 30
85 24 91 30
-1 25 5 31
18 25 24 31
53 25 59 31
56 25 62 31
58 25 64 31
87 25 93 31
88 25 94 31
89 25 95 31
-3 26 3 32
1 26 7 32
7 26 13 32
8 26 14 32
15 26 21 32
20 26 26 32
26 26 32 32
41 26 47 32
47 26 53 32
48 26 54 32
49 26 55 32
50 26 56 32
64 26 70 32
77 26 83 32
80 26 86 32
1 27 7 33
10 27 16 33
16 27 22 33
21 27 27 33
27 27 33 33
34 27 40 33
35 27 41 33
39 27 45 33
47 27 53 33
1 28 7 34
17 28 23 34
27 28 33 34
34 28 40 34
44 28 50 34
47 28 53 34
49 28 55 34
60 28 66 34
61 28 67 34
69 28 75 34
70 28 76 34
71 28 77 34
80 28 86 34
88 28 94 34
89 28 95 34
11 29 17 35
12 29 18 35
14 29 20 35
34 29 40 35
35 29 41 35
38 29 44 35
59 29 65 35
66 29 72 35
75 29 81 35
76 29 82 35
1 30 7 36
11 30 17 36
27 30 33 36
43 30 49 36
50 30 56 36
53 30 59 36
70 30 76 36
73 30 79 36
82 30 88 36
88 30 94 36
-3 31 3 37
2 31 8 37
3 31 9 37
14 31 20 37
32 31 38 37
45 31 51 37
50 31 56 37
62 31 68 37
63 31 69 37
92 31 98 37
93 31 99 37
-1 32 5 38
9 32 15 38
14 32 20 38
29 32 35 38
34 32 40 38
50 32 56 38
70 32 76 38
72 32 78 38
81 32 87 38
5 33 11 39
32 33 38 39
34 33 40 39
43 33 49 39
48 33 54 39
52 33 58 39
63 33 69 39
66 33 72 39
67 33 73 39
80 33 86 39
81 33 87 39
91 33 97 39
92 33 98 39
93 33 99 39
-1 34 5 40
4 34 10 40
5 34 11 40
13 34 19 40
18 34 24 40
48 34 54 40
68 34 74 40
77 34 83 40
90 34 96 40
-3 35 3 41
2 35 8 41
13 35 19 41
14 35 20 41
28 35 34 41
40 35 46 41
44 35 50 41
47 35 53 41
64 35 70 41
65 35 71 41
91 35 97 41
92 35 98 41
-3 36 3 42
16 36 22 42
17 36 23 42
18 36 24 42
28 36 34 42
37 36 43 42
56 36 62 42
58 36 64 42
79 36 85 42
84 36 90 42
85 36 91 42
91 36 97 42
1 37 7 43
2 37 8 43
7 37 13 43
8 37 14 43
11 37 17 43
24 37 30 43
33 37 39 43
34 37 40 43
45 37 51 43
55 37 61 43
74 37 80 43
75 37 81 43
76 37 82 43
90 37 96 43
91 37 97 43
96 37 102 43
1 38 7 44
6 38 12 44
32 38 38 44
34 38 40 44
70 38 76 44
73 38 79 44
91 38 97 44
3 39 9 45
11 39 17 45
12 39 18 45
14 39 20 45
34 39 40 45
52 39 58 45
73 39 79 45
74 39 80 45
82 39 88 45
83 39 89 45
0 40 6 46
7 40 13 46
10 40 16 46
19 40 25 46
36 40 42 46
38 40 44 46
39 40 45 46
54 40 60 46
55 40 61 46
61 40 67 46
2 41 8 47
19 41 25 47
24 41 30 47
34 41 40 47
53 41 59 47
55 41 61 47
56 41 62 47
64 41 70 47
65 41 71 47
68 41 74 47
80 41 86 47
83 41 89 47
87 41 93 47
13 42 19 48
26 42 32 48
32 42 38 48
51 42 57 48
93 42 99 48
6 43 12 49
24 43 30 49
39 43 45 49
45 43 51 49
47 43 53 49
67 43 73 49
80 43 86 49
93 43 99 49
3 44 9 50
5 44 11 50
26 44 32 50
32 44 38 50
33 44 39 50
35 44 41 50
36 44 42 50
37 44 43 50
38 44 44 50
39 44 45 50
40 44 46 50
42 44 48 50
52 44 58 50
70 44 76 50
72 44 78 50
80 44 86 50
96 44 102 50
0 45 6 51
12 45 18 51
35 45 41 51
36 45 42 51
40 45 46 51
43 45 49 51
60 45 66 51
67 45 73 51
85 45 91 51
-1 46 5 52
8 46 14 52
15 46 21 52
31 46 37 52
37 46 43 52
49 46 55 52
64 46 70 52
79 46 85 52
91 46 97 52
95 46 101 52
96 46 102 52
-1 47 5 53
37 47 43 53
61 47 67 53
94 47 100 53
4 48 10 54
10 48 16 54
21 48 27 54
28 48 34 54
44 48 50 54
64 48 70 54
72 48 78 54
73 48 79 54
77 48 83 54
88 48 94 54
93 48 99 54
94 48 100 54
-2 49 4 55
2 49 8 55
4 49 10 55
25 49 31 55
30 49 36 55
34 49 40 55
43 49 49 55
51 49 57 55
62 49 68 55
72 49 78 55
83 49 89 55
87 49 93 55
91 49 97 55
-2 50 4 56
2 50 8 56
17 50 23 56
20 50 26 56
34 50 40 56
75 50 81 56
77 50 83 56
78 50 84 56
82 50 88 56
83 50 89 56
92 50 98 56
93 50 99 56
95 50 101 56
17 51 23 57
39 51 45 57
68 51 74 57
81 51 87 57
84 51 90 57
-1 52 5 58
0 52 6 58
15 52 21 58
46 52 52 58
69 52 75 58
73 52 79 58
81 52 87 58
91 52 97 58
92 52 98 58
12 53 18 59
19 53 25 59
39 53 45 59
46 53 52 59
56 53 62 59
57 53 63 59
61 53 67 59
69 53 75 59
90 53 96 59
33 54 39 60
38 54 44 60
39 54 45 60
5 55 11 61
10 55 16 61
23 55 29 61
28 55 34 61
39 55 45 61
59 55 65 61
65 55 71 61
69 55 75 61
79 55 85 61
81 55 87 61
85 55 91 61
-3 56 3 62
0 56 6 62
15 56 21 62
17 56 23 62
29 56 35 62
30 56 36 62
32 56 38 62
57 56 63 62
64 56 70 62
81 56 87 62
91 56 97 62
0 57 6 63
6 57 12 63
17 57 23 63
46 57 52 63
48 57 54 63
61 57 67 63
75 57 81 63
79 57 85 63
86 57 92 63
-3 58 3 64
2 58 8 64
4 58 10 64
5 58 11 64
12 58 18 64
17 58 23 64
41 58 47 64
46 58 52 64
47 58 53 64
48 58 54 64
61 58 67 64
71 58 77 64
74 58 80 64
75 58 81 64
82 58 88 64
-2 59 4 65
2 59 8 65
34 59 40 65
74 59 80 65
79 59 85 65
86 59 92 65
90 59 96 65
91 59 97 65
17 60 23 66
39 60 45 66
42 60 48 66
71 60 77 66
72 60 78 66
74 60 80 66
79 60 85 66
80 60 86 66
88 60 94 66
89 60 95 66
90 60 96 66
91 60 97 66
96 60 102 66
-3 61 3 67
-2 61 4 67
-1 61 5 67
0 61 6 67
2 61 8 67
20 61 26 67
26 61 32 67
28 61 34 67
39 61 45 67
42 61 48 67
45 61 51 67
46 61 52 67
50 61 56 67
82 61 88 67
88 61 94 67
92 61 98 67
93 61 99 67
94 61 100 67
0 62 6 68
5 62 11 68
7 62 13 68
15 62 21 68
16 62 22 68
23 62 29 68
24 62 30 68
25 62 31 68
29 62 35 68
30 62 36 68
39 62 45 68
48 62 54 68
73 62 79 68
75 62 81 68
77 62 83 68
83 62 89 68
84 62 90 68
0 63 6 69
1 63 7 69
42 63 48 69
48 63 54 69
53 63 59 69
60 63 66 69
62 63 68 69
87 63 93 69
90 63 96 69
95 63 101 69
11 64 17 70
26 64 32 70
46 64 52 70
56 64 62 70
60 64 66 70
62 64 68 70
63 64 69 70
64 64 70 70
67 64 73 70
84 64 90 70
5 65 11 71
15 65 21 71
22 65 28 71
41 65 47 71
46 65 52 71
51 65 57 71
64 65 70 71
67 65 73 71
91 65 97 71
11 66 17 72
21 66 27 72
38 66 44 72
41 66 47 72
46 66 52 72
64 66 70 72
75 66 81 72
76 66 82 72
77 66 83 72
92 66 98 72
-1 67 5 73
28 67 34 73
29 67 35 73
41 67 47 73
74 67 80 73
85 67 91 73
0 68 6 74
2 68 8 74
11 68 17 74
36 68 42 74
37 68 43 74
42 68 48 74
43 68 49 74
48 68 54 74
51 68 57 74
54 68 60 74
61 68 67 74
68 68 74 74
88 68 94 74
93 68 99 74
0 69 6 75
8 69 14 75
12 69 18 75
24 69 30 75
36 69 42 75
42 69 48 75
43 69 49 75
48 69 54 75
64 69 70 75
65 69 71 75
68 69 74 75
94 69 100 75
23 70 29 76
41 70 47 76
49 70 55 76
62 70 68 76
66 70 72 76
88 70 94 76
89 70 95 76
95 70 101 76
13 71 19 77
19 71 25 77
31 71 37 77
45 71 51 77
46 71 52 77
47 71 53 77
54 71 60 77
71 71 77 77
95 71 101 77
9 72 15 78
18 72 24 78
19 72 25 78
23 72 29 78
25 72 31 78
31 72 37 78
39 72 45 78
45 72 51 78
47 72 53 78
48 72 54 78
49 72 55 78
50 72 56 78
76 72 82 78
77 72 83 78
79 72 85 78
82 72 88 78
18 73 24 79
24 73 30 79
25 73 31 79
28 73 34 79
29 73 35 79
31 73 37 79
38 73 44 79
46 73 52 79
59 73 65 79
65 73 71 79
66 73 72 79
69 73 75 79
79 73 85 79
91 73 97 79
-2 74 4 80
0 74 6 80
24 74 30 80
28 74 34 80
30 74 36 80
34 74 40 80
40 74 46 80
41 74 47 80
60 74 66 80
64 74 70 80
91 74 97 80
-1 75 5 81
9 75 15 81
24 75 30 81
36 75 42 81
42 75 48 81
64 75 70 81
0 76 6 82
9 76 15 82
36 76 42 82
38 76 44 82
45 76 51 82
56 76 62 82
70 76 76 82
75 76 81 82
76 76 82 82
77 76 83 82
84 76 90 82
86 76 92 82
95 76 101 82
15 77 21 83
26 77 32 83
53 77 59 83
56 77 62 83
73 77 79 83
75 77 81 83
94 77 100 83
-1 78 5 84
35 78 41 84
37 78 43 84
40 78 46 84
46 78 52 84
53 78 59 84
66 78 72 84
68 78 74 84
70 78 76 84
78 78 84 84
85 78 91 84
1 79 7 85
2 79 8 85
24 79 30 85
28 79 34 85
32 79 38 85
37 79 43 85
39 79 45 85
52 79 58 85
60 79 66 85
62 79 68 85
69 79 75 85
70 79 76 85
76 79 82 85
92 79 98 85
94 79 100 85
95 79 101 85
1 80 7 86
15 80 21 86
16 80 22 86
30 80 36 86
31 80 37 86
56 80 62 86
71 80 77 86
72 80 78 86
73 80 79 86
77 80 83 86
86 80 92 86
89 80 95 86
92 80 98 86
-3 81 3 87
-1 81 5 87
8 81 14 87
20 81 26 87
29 81 35 87
44 81 50 87
50 81 56 87
63 81 69 87
69 81 75 87
70 81 76 87
89 81 95 87
4 82 10 88
8 82 14 88
11 82 17 88
23 82 29 88
24 82 30 88
36 82 42 88
37 82 43 88
38 82 44 88
44 82 50 88
47 82 53 88
56 82 62 88
59 82 65 88
67 82 73 88
7 83 13 89
26 83 32 89
27 83 33 89
40 83 46 89
50 83 56 89
51 83 57 89
63 83 69 89
87 83 93 89
2 84 8 90
7 84 13 90
63 84 69 90
95 84 101 90
1 85 7 91
14 85 20 91
33 85 39 91
41 85 47 91
46 85 52 91
64 85 70 91
80 85 86 91
81 85 87 91
87 85 93 91
89 85 95 91
90 85 96 91
92 85 98 91
8 86 14 92
10 86 16 92
11 86 17 92
17 86 23 92
39 86 45 92
64 86 70 92
66 86 72 92
80 86 86 92
81 86 87 92
89 86 95 92
8 87 14 93
19 87 25 93
28 87 34 93
30 87 36 93
53 87 59 93
61 87 67 93
68 87 74 93
70 87 76 93
75 87 81 93
89 87 95 93
1 88 7 94
9 88 15 94
19 88 25 94
39 88 45 94
40 88 46 94
50 88 56 94
52 88 58 94
94 88 100 94
95 88 101 94
1 89 7 95
18 89 24 95
19 89 25 95
47 89 53 95
53 89 59 95
55 89 61 95
57 89 63 95
59 89 65 95
63 89 69 95
69 89 75 95
72 89 78 95
82 89 88 95
85 89 91 95
94 89 100 95
27 90 33 96
30 90 36 96
41 90 47 96
43 90 49 96
50 90 56 96
72 90 78 96
80 90 86 96
82 90 88 96
83 90 89 96
84 90 90 96
7 91 13 97
13 91 19 97
46 91 52 97
51 91 57 97
74 91 80 97
80 91 86 97
81 91 87 97
82 91 88 97
83 91 89 97
91 91 97 97
96 91 102 97
-3 92 3 98
5 92 11 98
7 92 13 98
49 92 55 98
61 92 67 98
66 92 72 98
71 92 77 98
95 92 101 98
1 93 7 99
43 93 49 99
81 93 87 99
85 93 91 99
0 94 6 100
19 94 25 100
29 94 35 100
30 94 36 100
47 94 53 100
53 94 59 100
56 94 62 100
86 94 92 100
-2 95 4 101
-1 95 5 101
12 95 18 101
23 95 29 101
30 95 36 101
38 95 44 101
39 95 45 101
52 95 58 101
63 95 69 101
64 95 70 101
78 95 84 101
79 95 85 101
82 95 88 101
92 95 98 101
8 96 14 102
12 96 18 102
38 96 44 102
41 96 47 102
43 96 49 102
63 96 69 102
69 96 75 102
78 96 84 102
90 96 96 102
93 96 99 102
