94
22 -3 28 3
36 -2 42 4
21 0 27 6
25 0 31 6
36 1 42 7
0 4 6 10
38 4 44 10
20 5 26 11
24 5 30 11
41 5 47 11
56 5 62 11
85 6 91 12
80 7 86 13
6 9 12 15
33 10 39 16
61 12 67 18
73 12 79 18
96 13 102 19
35 14 41 20
70 14 76 20
12 17 18 23
68 19 74 25
75 20 81 26
72 23 78 29
84 23 90 29
25 26 31 32
96 27 102 33
73 29 79 35
27 30 33 36
-3 31 3 37
29 33 35 39
66 33 72 39
75 33 81 39
29 34 35 40
2 35 8 41
14 35 20 41
84 35 90 41
64 38 70 44
13 39 19 45
67 40 73 46
80 44 86 50
52 46 58 52
91 46 97 52
95 46 101 52
25 48 31 54
-2 50 4 56
95 50 101 56
92 51 98 57
12 52 18 58
0 53 6 59
15 53 21 59
60 53 66 59
73 53 79 59
76 55 82 61
15 56 21 62
30 56 36 62
13 58 19 64
34 58 40 64
1 60 7 66
82 61 88 67
14 62 20 68
23 63 29 69
58 63 64 69
44 64 50 70
95 64 101 70
93 65 99 71
64 66 70 72
12 69 18 75
40 70 46 76
91 72 97 78
31 73 37 79
70 76 76 82
26 77 32 83
17 78 23 84
18 79 24 85
4 80 10 86
40 80 46 86
73 81 79 87
67 82 73 88
10 88 16 94
61 88 67 94
52 89 58 95
25 90 31 96
71 90 77 96
65 92 71 98
10 94 16 100
18 94 24 100
46 94 52 100
30 95 36 101
39 95 45 101
56 95 62 101
7 96 13 102
58 96 64 102
64 96 70 102
