           1   1.00000739       75.9815216           46818
           2   1.00001860       75.9873734           42773
           3   1.00003469       75.9950943           39135
           4   1.00005364       76.0145035           35937
           5   1.00008738       76.0195847           32806
           6   1.00011826       76.0056305           30155
           7   1.00016665       76.0064545           27847
           8   1.00021696       76.0284882           25758
           9   1.00027549       76.0387344           23881
          10   1.00033653       76.0272141           22211
          11   1.00041509       76.0179749           20749
          12   1.00050724       76.0402222           19359
          13   1.00055897       76.0227356           18243
          14   1.00067067       76.0255356           17195
          15   1.00076437       76.0003357           16234
          16   1.00093842       75.9829254           15286
          17   1.00105000       76.0315628           14607
          18   1.00121069       76.0100250           13663
          19   1.00138605       76.0277634           13068
          20   1.00163913       76.0155945           12298
          21   1.00184047       76.0210876           11768
          22   1.00206816       76.0416107           11339
          23   1.00229383       76.0274811           10852
          25   1.00271630       76.0352707            9974
          26   1.00299132       76.0116730            9579
          27   1.00310862       76.0061798            9257
          28   1.00354362       75.9540558            8900
          30   1.00409389       76.0081711            8410
          31   1.00484645       75.9586182            7947
          33   1.00564384       75.9566727            7399
          34   1.00598717       75.9238510            7185
          36   1.00669360       75.9642868            6810
          38   1.00769484       75.9306030            6365
          39   1.00803256       75.9557037            6203
          41   1.00914693       75.9330063            5847
          43   1.01091945       75.9652100            5453
          45   1.01195681       75.9057693            5236
          47   1.01294553       75.8759537            4959
          50   1.01567423       75.8905258            4555
          52   1.01685619       75.8700027            4434
          54   1.01818454       75.9435043            4248
          57   1.01948845       75.8374252            4024
          60   1.02179348       75.7732773            3816
          63   1.02275276       75.7692261            3661
          66   1.02539670       75.7256775            3453
          69   1.02872455       75.7453918            3261
          72   1.02948785       75.7428284            3179
          75   1.03091931       75.7828217            3026
          79   1.03432024       75.7040329            2910
          83   1.03753197       75.8244553            2766
          87   1.03933966       75.8643723            2652
          91   1.04096699       75.8811646            2559
          95   1.04319513       75.8601074            2427
          99   1.05021179       75.9402466            2328
