220
22 -3 28 3
54 -3 60 3
58 -3 64 3
67 -3 73 3
69 -3 75 3
89 -3 95 3
-2 -2 4 4
10 -2 16 4
36 -2 42 4
53 -2 59 4
92 -2 98 4
-2 -1 4 5
7 -1 13 5
49 -1 55 5
88 -1 94 5
18 0 24 6
21 0 27 6
25 0 31 6
90 0 96 6
70 1 76 7
17 2 23 8
53 2 59 8
88 2 94 8
92 3 98 9
0 4 6 10
50 4 56 10
20 5 26 11
24 5 30 11
92 5 98 11
80 6 86 12
85 6 91 12
56 7 62 13
65 7 71 13
69 7 75 13
6 9 12 15
19 9 25 15
25 9 31 15
30 9 36 15
51 10 57 16
18 11 24 17
80 11 86 17
89 11 95 17
42 12 48 18
61 12 67 18
73 12 79 18
86 12 92 18
15 13 21 19
39 13 45 19
80 13 86 19
35 14 41 20
70 14 76 20
83 14 89 20
96 14 102 20
17 15 23 21
94 16 100 22
12 18 18 24
25 18 31 24
85 18 91 24
92 18 98 24
68 19 74 25
87 19 93 25
75 20 81 26
66 21 72 27
90 21 96 27
7 23 13 29
36 23 42 29
71 23 77 29
84 23 90 29
11 24 17 30
20 24 26 30
22 24 28 30
48 24 54 30
0 25 6 31
53 25 59 31
55 25 61 31
8 26 14 32
25 26 31 32
37 26 43 32
41 26 47 32
59 26 65 32
60 27 66 33
1 28 7 34
89 28 95 34
73 29 79 35
27 30 33 36
91 30 97 36
-3 31 3 37
82 31 88 37
29 32 35 38
80 32 86 38
64 33 70 39
68 34 74 40
75 34 81 40
46 35 52 41
84 35 90 41
93 35 99 41
2 36 8 42
35 36 41 42
95 36 101 42
34 37 40 43
76 37 82 43
62 38 68 44
13 39 19 45
37 40 43 46
74 40 80 46
68 41 74 47
76 42 82 48
80 43 86 49
52 44 58 50
75 44 81 50
40 45 46 51
32 46 38 52
49 46 55 52
78 46 84 52
91 46 97 52
95 46 101 52
9 48 15 54
21 48 27 54
48 48 54 54
78 48 84 54
21 49 27 55
25 49 31 55
51 49 57 55
-2 50 4 56
20 50 26 56
76 50 82 56
95 50 101 56
68 51 74 57
15 52 21 58
91 52 97 58
1 53 7 59
7 53 13 59
12 53 18 59
19 53 25 59
61 53 67 59
73 53 79 59
69 54 75 60
5 55 11 61
78 55 84 61
15 56 21 62
31 56 37 62
57 56 63 62
85 56 91 62
5 57 11 63
55 57 61 63
12 58 18 64
34 58 40 64
71 58 77 64
51 60 57 66
1 61 7 67
73 61 79 67
82 61 88 67
14 62 20 68
20 62 26 68
23 62 29 68
25 63 31 69
54 63 60 69
58 63 64 69
95 63 101 69
42 64 48 70
45 64 51 70
56 64 62 70
22 65 28 71
14 66 20 72
41 66 47 72
64 67 70 73
86 67 92 73
93 67 99 73
5 69 11 75
12 69 18 75
16 70 22 76
40 70 46 76
31 72 37 78
71 72 77 78
9 73 15 79
70 73 76 79
-2 74 4 80
0 74 6 80
34 74 40 80
65 74 71 80
41 75 47 81
70 76 76 82
16 77 22 83
26 77 32 83
45 78 51 84
76 79 82 85
28 80 34 86
4 81 10 87
28 81 34 87
73 81 79 87
36 82 42 88
59 82 65 88
67 82 73 88
52 83 58 89
15 85 21 91
38 85 44 91
17 86 23 92
33 86 39 92
46 87 52 93
74 87 80 93
10 88 16 94
52 89 58 95
60 89 66 95
13 90 19 96
96 90 102 96
43 91 49 97
71 91 77 97
91 91 97 97
42 92 48 98
66 92 72 98
10 93 16 99
61 93 67 99
0 94 6 100
18 94 24 100
46 94 52 100
56 94 62 100
30 95 36 101
7 96 13 102
50 96 56 102
64 96 70 102
