118
58 -3 64 3
8 -2 14 4
9 -2 15 4
36 -2 42 4
25 0 31 6
70 0 76 6
36 1 42 7
0 4 6 10
38 4 44 10
52 4 58 10
53 4 59 10
20 5 26 11
24 5 30 11
42 5 48 11
56 6 62 12
80 6 86 12
85 6 91 12
6 9 12 15
25 9 31 15
33 10 39 16
61 12 67 18
73 12 79 18
96 13 102 19
70 14 76 20
41 15 47 21
12 17 18 23
68 19 74 25
75 20 81 26
66 21 72 27
90 21 96 27
36 23 42 29
71 23 77 29
84 23 90 29
11 24 17 30
10 25 16 31
25 26 31 32
37 26 43 32
40 26 46 32
96 27 102 33
73 29 79 35
27 30 33 36
-3 31 3 37
65 33 71 39
75 33 81 39
47 34 53 40
68 34 74 40
14 35 20 41
84 35 90 41
29 36 35 42
63 38 69 44
76 38 82 44
13 39 19 45
36 40 42 46
75 40 81 46
9 41 15 47
34 41 40 47
67 41 73 47
80 43 86 49
0 46 6 52
32 46 38 52
91 46 97 52
95 46 101 52
25 48 31 54
76 49 82 55
-2 50 4 56
95 50 101 56
91 51 97 57
15 52 21 58
69 52 75 58
0 53 6 59
60 53 66 59
73 53 79 59
25 55 31 61
77 55 83 61
15 56 21 62
30 56 36 62
13 58 19 64
71 59 77 65
1 60 7 66
72 61 78 67
14 62 20 68
58 63 64 69
95 63 101 69
22 65 28 71
64 66 70 72
93 66 99 72
5 69 11 75
16 69 22 75
40 70 46 76
91 72 97 78
34 74 40 80
9 75 15 81
65 75 71 81
70 76 76 82
26 77 32 83
17 78 23 84
76 79 82 85
40 80 46 86
73 81 79 87
59 82 65 88
67 82 73 88
46 84 52 90
15 85 21 91
17 86 23 92
46 86 52 92
10 88 16 94
74 88 80 94
52 89 58 95
61 89 67 95
71 90 77 96
10 94 16 100
46 94 52 100
50 94 56 100
62 94 68 100
30 95 36 101
39 95 45 101
50 95 56 101
56 95 62 101
