133
22 -3 28 3
58 -3 64 3
10 -2 16 4
36 -2 42 4
8 -1 14 5
21 0 27 6
70 0 76 6
18 1 24 7
36 1 42 7
53 3 59 9
0 4 6 10
38 4 44 10
20 5 26 11
24 5 30 11
42 5 48 11
56 6 62 12
80 6 86 12
85 6 91 12
6 9 12 15
25 9 31 15
33 10 39 16
61 12 67 18
73 12 79 18
84 12 90 18
40 13 46 19
96 13 102 19
35 14 41 20
84 14 90 20
41 16 47 22
12 17 18 23
93 17 99 23
92 18 98 24
68 19 74 25
75 20 81 26
66 21 72 27
90 21 96 27
36 23 42 29
71 23 77 29
11 24 17 30
0 25 6 31
10 26 16 32
25 26 31 32
37 26 43 32
96 26 102 32
1 28 7 34
27 30 33 36
-3 31 3 37
82 31 88 37
29 32 35 38
80 32 86 38
48 33 54 39
65 33 71 39
75 33 81 39
46 34 52 40
68 34 74 40
14 35 20 41
2 36 8 42
29 36 35 42
63 38 69 44
76 38 82 44
37 40 43 46
9 41 15 47
34 41 40 47
76 42 82 48
80 43 86 49
32 46 38 52
91 46 97 52
25 48 31 54
51 49 57 55
76 49 82 55
-2 50 4 56
95 50 101 56
68 51 74 57
15 52 21 58
91 52 97 58
0 53 6 59
12 53 18 59
60 53 66 59
69 53 75 59
73 53 79 59
25 55 31 61
77 55 83 61
15 56 21 62
30 56 36 62
13 58 19 64
34 58 40 64
71 58 77 64
1 60 7 66
82 61 88 67
24 63 30 69
58 63 64 69
95 63 101 69
44 64 50 70
22 65 28 71
64 66 70 72
93 66 99 72
5 69 11 75
16 69 22 75
40 70 46 76
31 72 37 78
91 72 97 78
9 74 15 80
65 75 71 81
70 76 76 82
17 77 23 83
26 77 32 83
20 80 26 86
40 80 46 86
4 81 10 87
73 81 79 87
59 82 65 88
67 82 73 88
37 83 43 89
46 83 52 89
38 84 44 90
17 86 23 92
46 87 52 93
10 88 16 94
60 89 66 95
26 90 32 96
71 90 77 96
95 90 101 96
92 91 98 97
65 92 71 98
50 93 56 99
10 94 16 100
18 94 24 100
46 94 52 100
56 94 62 100
30 95 36 101
39 95 45 101
7 96 13 102
50 96 56 102
