48
22 -3 28 3
30 -3 36 3
68 -1 74 5
0 4 6 10
20 5 26 11
56 5 62 11
85 6 91 12
80 7 86 13
5 9 11 15
33 12 39 18
61 12 67 18
73 12 79 18
34 13 40 19
96 13 102 19
90 21 96 27
36 23 42 29
85 23 91 29
25 27 31 33
96 27 102 33
27 30 33 36
-3 31 3 37
83 35 89 41
10 41 16 47
32 46 38 52
25 47 31 53
13 52 19 58
60 53 66 59
14 58 20 64
34 58 40 64
14 61 20 67
82 61 88 67
64 66 70 72
5 69 11 75
40 70 46 76
90 72 96 78
9 77 15 83
26 77 32 83
4 79 10 85
40 79 46 85
76 79 82 85
73 81 79 87
69 82 75 88
61 86 67 92
10 89 16 95
52 89 58 95
24 90 30 96
18 94 24 100
40 96 46 102
