41
29 -3 35 3
68 -1 74 5
0 4 6 10
20 5 26 11
56 5 62 11
85 6 91 12
5 9 11 15
61 12 67 18
72 12 78 18
96 13 102 19
70 14 76 20
12 17 18 23
90 21 96 27
36 23 42 29
85 23 91 29
96 27 102 33
-3 31 3 37
2 34 8 40
10 41 16 47
25 46 31 52
32 46 38 52
13 52 19 58
60 53 66 59
34 58 40 64
58 63 64 69
44 66 50 72
64 66 70 72
5 69 11 75
40 70 46 76
90 72 96 78
26 77 32 83
5 79 11 85
40 79 46 85
59 82 65 88
61 86 67 92
52 89 58 95
24 90 30 96
65 93 71 99
17 94 23 100
45 94 51 100
41 96 47 102
