73
22 -3 28 3
22 0 28 6
25 0 31 6
36 0 42 6
69 0 75 6
20 5 26 11
56 5 62 11
24 6 30 12
85 6 91 12
80 7 86 13
6 9 12 15
25 9 31 15
33 11 39 17
61 12 67 18
73 12 79 18
96 13 102 19
35 14 41 20
70 14 76 20
75 20 81 26
90 21 96 27
36 23 42 29
72 23 78 29
84 23 90 29
25 26 31 32
96 27 102 33
27 30 33 36
-3 31 3 37
75 31 81 37
2 35 8 41
83 35 89 41
10 41 16 47
32 46 38 52
91 46 97 52
95 46 101 52
25 47 31 53
76 47 82 53
-2 50 4 56
13 52 19 58
60 53 66 59
73 53 79 59
0 55 6 61
28 55 34 61
76 55 82 61
29 56 35 62
13 58 19 64
34 58 40 64
1 59 7 65
82 61 88 67
14 62 20 68
58 63 64 69
44 65 50 71
64 66 70 72
5 69 11 75
12 69 18 75
15 69 21 75
40 70 46 76
9 76 15 82
26 77 32 83
4 80 10 86
40 80 46 86
73 81 79 87
61 87 67 93
73 88 79 94
10 89 16 95
71 89 77 95
25 90 31 96
65 92 71 98
18 94 24 100
46 94 52 100
63 94 69 100
30 96 36 102
39 96 45 102
64 96 70 102
