40
68 -1 74 5
0 4 6 10
20 5 26 11
56 5 62 11
4 9 10 15
61 12 67 18
72 12 78 18
70 13 76 19
96 13 102 19
12 17 18 23
90 21 96 27
36 23 42 29
85 23 91 29
96 27 102 33
-3 31 3 37
2 34 8 40
83 35 89 41
10 41 16 47
32 46 38 52
13 52 19 58
60 53 66 59
34 58 40 64
82 61 88 67
58 63 64 69
44 66 50 72
64 66 70 72
40 70 46 76
90 72 96 78
9 77 15 83
26 77 32 83
40 79 46 85
76 79 82 85
61 86 67 92
10 89 16 95
52 89 58 95
24 90 30 96
65 93 71 99
17 94 23 100
23 96 29 102
41 96 47 102
