195
22 -3 28 3
54 -3 60 3
67 -3 73 3
69 -3 75 3
89 -3 95 3
10 -2 16 4
36 -2 42 4
53 -2 59 4
91 -2 97 4
8 -1 14 5
21 0 27 6
90 0 96 6
36 1 42 7
70 1 76 7
88 1 94 7
17 2 23 8
53 2 59 8
0 4 6 10
38 4 44 10
50 4 56 10
20 5 26 11
24 5 30 11
42 5 48 11
80 6 86 12
56 7 62 13
65 7 71 13
69 7 75 13
28 8 34 14
25 9 31 15
30 9 36 15
19 10 25 16
33 10 39 16
51 10 57 16
18 11 24 17
80 11 86 17
42 12 48 18
85 12 91 18
15 13 21 19
39 13 45 19
80 13 86 19
17 14 23 20
35 14 41 20
51 14 57 20
70 14 76 20
83 14 89 20
96 14 102 20
41 16 47 22
94 16 100 22
12 18 18 24
25 18 31 24
85 18 91 24
92 18 98 24
68 19 74 25
87 19 93 25
75 20 81 26
66 21 72 27
90 21 96 27
47 22 53 28
36 23 42 29
84 23 90 29
11 24 17 30
20 24 26 30
48 24 54 30
0 25 6 31
8 26 14 32
25 26 31 32
37 26 43 32
59 26 65 32
96 26 102 32
10 27 16 33
60 27 66 33
1 28 7 34
73 29 79 35
89 29 95 35
27 30 33 36
-3 31 3 37
82 31 88 37
80 32 86 38
64 33 70 39
68 34 74 40
75 34 81 40
46 35 52 41
29 36 35 42
35 36 41 42
95 36 101 42
34 37 40 43
76 37 82 43
62 38 68 44
37 40 43 46
74 40 80 46
9 41 15 47
34 41 40 47
68 41 74 47
80 43 86 49
39 44 45 50
75 44 81 50
0 45 6 51
40 45 46 51
8 46 14 52
32 46 38 52
78 46 84 52
95 46 101 52
9 48 15 54
48 48 54 54
25 49 31 55
51 49 57 55
-2 50 4 56
19 50 25 56
76 50 82 56
95 50 101 56
68 51 74 57
15 52 21 58
19 52 25 58
91 52 97 58
1 53 7 59
12 53 18 59
61 53 67 59
73 53 79 59
24 55 30 61
78 55 84 61
15 56 21 62
31 56 37 62
57 56 63 62
85 56 91 62
55 57 61 63
34 58 40 64
51 58 57 64
83 58 89 64
51 60 57 66
1 61 7 67
73 61 79 67
82 61 88 67
25 63 31 69
54 63 60 69
58 63 64 69
95 63 101 69
42 64 48 70
45 64 51 70
22 65 28 71
41 66 47 72
86 67 92 73
93 67 99 73
5 69 11 75
12 69 18 75
16 70 22 76
40 70 46 76
31 72 37 78
70 72 76 78
91 72 97 78
70 73 76 79
-2 74 4 80
0 74 6 80
34 74 40 80
65 74 71 80
41 75 47 81
70 76 76 82
16 77 22 83
26 77 32 83
20 80 26 86
4 81 10 87
40 81 46 87
59 82 65 88
67 82 73 88
47 83 53 89
15 85 21 91
38 85 44 91
17 86 23 92
33 86 39 92
34 87 40 93
46 87 52 93
74 87 80 93
10 88 16 94
12 89 18 95
52 89 58 95
60 89 66 95
13 90 19 96
26 90 32 96
96 90 102 96
43 91 49 97
71 91 77 97
91 91 97 97
42 92 48 98
66 92 72 98
10 93 16 99
50 93 56 99
61 93 67 99
0 94 6 100
18 94 24 100
46 94 52 100
30 95 36 101
39 95 45 101
7 96 13 102
50 96 56 102
64 96 70 102
90 96 96 102
