36
27 -3 33 3
68 -2 74 4
0 4 6 10
20 5 26 11
56 5 62 11
4 9 10 15
61 12 67 18
96 13 102 19
12 17 18 23
89 21 95 27
36 23 42 29
86 23 92 29
96 27 102 33
1 34 7 40
83 35 89 41
10 41 16 47
25 46 31 52
32 46 38 52
13 52 19 58
82 61 88 67
63 66 69 72
5 69 11 75
40 70 46 76
90 72 96 78
26 77 32 83
9 78 15 84
40 79 46 85
76 79 82 85
59 82 65 88
60 86 66 92
10 89 16 95
52 89 58 95
24 90 30 96
17 94 23 100
66 94 72 100
24 96 30 102
