136
22 -3 28 3
58 -3 64 3
10 -2 16 4
36 -2 42 4
21 0 27 6
25 0 31 6
70 0 76 6
18 1 24 7
36 1 42 7
17 2 23 8
53 3 59 9
0 4 6 10
51 4 57 10
20 5 26 11
42 5 48 11
56 6 62 12
80 6 86 12
85 6 91 12
6 9 12 15
25 9 31 15
33 10 39 16
61 12 67 18
85 12 91 18
15 13 21 19
17 13 23 19
40 13 46 19
96 13 102 19
35 14 41 20
41 16 47 22
93 16 99 22
12 17 18 23
92 18 98 24
68 19 74 25
75 20 81 26
90 21 96 27
36 23 42 29
71 23 77 29
7 24 13 30
0 25 6 31
8 25 14 31
10 26 16 32
25 26 31 32
37 26 43 32
41 26 47 32
96 26 102 32
1 28 7 34
-3 31 3 37
82 31 88 37
29 32 35 38
80 32 86 38
48 33 54 39
65 33 71 39
75 33 81 39
2 36 8 42
29 36 35 42
63 38 69 44
76 38 82 44
13 39 19 45
37 40 43 46
74 40 80 46
9 41 15 47
68 41 74 47
80 43 86 49
75 44 81 50
52 45 58 51
0 46 6 52
32 46 38 52
95 46 101 52
25 49 31 55
51 49 57 55
-2 50 4 56
68 51 74 57
91 52 97 58
1 53 7 59
12 53 18 59
60 53 66 59
69 53 75 59
73 53 79 59
25 55 31 61
77 55 83 61
15 56 21 62
30 56 36 62
56 57 62 63
34 58 40 64
71 58 77 64
73 61 79 67
82 61 88 67
24 63 30 69
54 63 60 69
58 63 64 69
44 64 50 70
55 64 61 70
22 65 28 71
64 66 70 72
93 67 99 73
5 69 11 75
12 69 18 75
16 69 22 75
40 70 46 76
31 72 37 78
91 72 97 78
9 74 15 80
34 74 40 80
65 75 71 81
70 76 76 82
17 77 23 83
26 77 32 83
76 79 82 85
20 80 26 86
4 81 10 87
40 81 46 87
73 81 79 87
67 82 73 88
37 83 43 89
47 83 53 89
38 84 44 90
15 85 21 91
17 86 23 92
46 87 52 93
74 87 80 93
52 89 58 95
60 89 66 95
26 90 32 96
71 90 77 96
95 90 101 96
92 91 98 97
65 92 71 98
50 93 56 99
18 94 24 100
46 94 52 100
56 94 62 100
30 95 36 101
39 95 45 101
7 96 13 102
50 96 56 102
64 96 70 102
