126
22 -3 28 3
58 -3 64 3
36 -2 42 4
8 -1 14 5
21 0 27 6
25 0 31 6
36 1 42 7
53 3 59 9
0 4 6 10
51 4 57 10
20 5 26 11
24 5 30 11
42 5 48 11
56 6 62 12
80 6 86 12
6 9 12 15
33 10 39 16
61 12 67 18
73 12 79 18
96 13 102 19
35 14 41 20
70 14 76 20
41 15 47 21
12 17 18 23
68 19 74 25
75 20 81 26
66 21 72 27
36 23 42 29
71 23 77 29
84 23 90 29
11 24 17 30
0 25 6 31
10 26 16 32
25 26 31 32
40 26 46 32
1 27 7 33
73 29 79 35
27 30 33 36
80 31 86 37
82 31 88 37
29 32 35 38
48 33 54 39
65 33 71 39
75 33 81 39
46 34 52 40
68 34 74 40
14 35 20 41
84 35 90 41
29 36 35 42
63 38 69 44
76 38 82 44
13 39 19 45
37 40 43 46
75 40 81 46
9 41 15 47
34 41 40 47
80 43 86 49
0 46 6 52
32 46 38 52
91 46 97 52
95 46 101 52
25 48 31 54
51 48 57 54
-2 50 4 56
95 50 101 56
68 51 74 57
91 51 97 57
69 52 75 58
0 53 6 59
12 53 18 59
60 53 66 59
73 53 79 59
77 55 83 61
15 56 21 62
30 56 36 62
13 58 19 64
34 58 40 64
71 59 77 65
1 60 7 66
72 61 78 67
82 61 88 67
14 62 20 68
58 63 64 69
95 63 101 69
44 64 50 70
22 65 28 71
64 66 70 72
93 66 99 72
5 69 11 75
16 69 22 75
40 70 46 76
91 72 97 78
9 75 15 81
65 75 71 81
70 76 76 82
26 77 32 83
17 78 23 84
76 79 82 85
19 80 25 86
40 80 46 86
4 81 10 87
73 81 79 87
59 82 65 88
67 82 73 88
46 83 52 89
15 85 21 91
17 86 23 92
46 86 52 92
10 88 16 94
74 88 80 94
52 89 58 95
71 90 77 96
94 90 100 96
92 91 98 97
65 92 71 98
50 93 56 99
10 94 16 100
18 94 24 100
46 94 52 100
62 94 68 100
30 95 36 101
39 95 45 101
56 95 62 101
7 96 13 102
50 96 56 102
64 96 70 102
