178
58 -3 64 3
89 -3 95 3
10 -2 16 4
36 -2 42 4
91 -2 97 4
8 -1 14 5
18 0 24 6
21 0 27 6
25 0 31 6
70 0 76 6
90 0 96 6
17 2 23 8
53 3 59 9
0 4 6 10
38 4 44 10
50 4 56 10
20 5 26 11
24 5 30 11
42 5 48 11
56 6 62 12
66 7 72 13
68 7 74 13
28 8 34 14
6 9 12 15
25 9 31 15
30 9 36 15
19 10 25 16
33 10 39 16
18 11 24 17
51 11 57 17
40 12 46 18
61 12 67 18
73 12 79 18
85 12 91 18
15 13 21 19
39 13 45 19
51 14 57 20
70 14 76 20
96 14 102 20
41 16 47 22
94 16 100 22
12 18 18 24
25 18 31 24
85 18 91 24
92 18 98 24
68 19 74 25
86 19 92 25
75 20 81 26
25 21 31 27
66 21 72 27
90 21 96 27
47 22 53 28
36 23 42 29
71 23 77 29
84 23 90 29
7 24 13 30
11 24 17 30
0 25 6 31
8 26 14 32
25 26 31 32
37 26 43 32
41 26 47 32
96 26 102 32
10 27 16 33
1 28 7 34
73 29 79 35
89 29 95 35
27 30 33 36
-3 31 3 37
82 31 88 37
29 32 35 38
48 33 54 39
64 33 70 39
68 34 74 40
75 34 81 40
14 35 20 41
46 35 52 41
84 35 90 41
93 35 99 41
2 36 8 42
94 36 100 42
76 37 82 43
62 38 68 44
13 39 19 45
74 40 80 46
9 41 15 47
34 41 40 47
68 41 74 47
76 42 82 48
80 43 86 49
75 44 81 50
0 46 6 52
32 46 38 52
78 46 84 52
91 46 97 52
95 46 101 52
9 48 15 54
78 48 84 54
25 49 31 55
51 49 57 55
-2 50 4 56
76 50 82 56
95 50 101 56
68 51 74 57
15 52 21 58
19 52 25 58
91 52 97 58
1 53 7 59
12 53 18 59
61 53 67 59
69 53 75 59
73 53 79 59
24 55 30 61
78 55 84 61
57 56 63 62
55 57 61 63
85 57 91 63
13 58 19 64
34 58 40 64
83 58 89 64
1 61 7 67
73 61 79 67
82 61 88 67
14 62 20 68
25 63 31 69
54 63 60 69
58 63 64 69
95 63 101 69
45 64 51 70
56 64 62 70
22 65 28 71
41 65 47 71
64 66 70 72
86 67 92 73
93 67 99 73
5 69 11 75
12 69 18 75
40 70 46 76
91 72 97 78
-2 74 4 80
34 74 40 80
39 74 45 80
65 74 71 80
41 75 47 81
70 76 76 82
16 77 22 83
26 77 32 83
20 80 26 86
4 81 10 87
40 81 46 87
73 81 79 87
37 82 43 88
47 83 53 89
52 84 58 90
15 85 21 91
38 85 44 91
17 86 23 92
46 87 52 93
52 87 58 93
10 88 16 94
52 89 58 95
60 89 66 95
26 90 32 96
96 90 102 96
71 91 77 97
92 91 98 97
-2 93 4 99
0 93 6 99
10 93 16 99
50 93 56 99
61 93 67 99
18 94 24 100
46 94 52 100
56 94 62 100
30 95 36 101
7 96 13 102
64 96 70 102
90 96 96 102
