45
30 -3 36 3
68 -1 74 5
0 4 6 10
56 5 62 11
85 6 91 12
80 7 86 13
5 9 11 15
61 12 67 18
72 12 78 18
70 14 76 20
12 17 18 23
90 21 96 27
36 23 42 29
85 23 91 29
25 27 31 33
96 27 102 33
27 30 33 36
-3 31 3 37
2 34 8 40
83 35 89 41
10 41 16 47
32 46 38 52
25 47 31 53
60 53 66 59
34 58 40 64
82 61 88 67
58 63 64 69
44 65 50 71
64 66 70 72
90 72 96 78
9 77 15 83
26 77 32 83
5 79 11 85
40 79 46 85
76 79 82 85
73 81 79 87
59 82 65 88
69 82 75 88
61 86 67 92
10 89 16 95
52 89 58 95
24 90 30 96
65 93 71 99
45 94 51 100
40 96 46 102
