142
22 -3 28 3
58 -3 64 3
10 -2 16 4
36 -2 42 4
8 -1 14 5
21 0 27 6
25 0 31 6
70 0 76 6
18 1 24 7
36 1 42 7
17 2 23 8
53 3 59 9
0 4 6 10
38 4 44 10
51 4 57 10
20 5 26 11
24 5 30 11
56 6 62 12
80 6 86 12
6 9 12 15
25 9 31 15
33 10 39 16
61 12 67 18
85 12 91 18
15 13 21 19
17 13 23 19
40 13 46 19
96 13 102 19
35 14 41 20
70 14 76 20
83 14 89 20
12 17 18 23
92 18 98 24
75 20 81 26
66 21 72 27
90 21 96 27
36 23 42 29
71 23 77 29
84 23 90 29
7 24 13 30
11 24 17 30
0 25 6 31
25 26 31 32
37 26 43 32
41 26 47 32
96 26 102 32
1 28 7 34
73 29 79 35
82 31 88 37
29 32 35 38
80 32 86 38
48 33 54 39
65 33 71 39
75 33 81 39
68 34 74 40
14 35 20 41
84 35 90 41
2 36 8 42
29 36 35 42
76 38 82 44
13 39 19 45
37 40 43 46
34 41 40 47
76 42 82 48
80 43 86 49
75 44 81 50
52 45 58 51
0 46 6 52
32 46 38 52
91 46 97 52
95 46 101 52
25 49 31 55
-2 50 4 56
76 50 82 56
95 50 101 56
68 51 74 57
15 52 21 58
91 52 97 58
1 53 7 59
12 53 18 59
60 53 66 59
69 53 75 59
73 53 79 59
77 55 83 61
15 56 21 62
30 56 36 62
57 56 63 62
13 58 19 64
34 58 40 64
71 58 77 64
84 58 90 64
73 61 79 67
82 61 88 67
14 62 20 68
24 63 30 69
54 63 60 69
58 63 64 69
95 63 101 69
44 64 50 70
55 64 61 70
22 65 28 71
64 66 70 72
5 69 11 75
12 69 18 75
16 69 22 75
40 70 46 76
91 72 97 78
34 74 40 80
65 75 71 81
70 76 76 82
17 77 23 83
76 79 82 85
4 81 10 87
40 81 46 87
73 81 79 87
59 82 65 88
67 82 73 88
37 83 43 89
15 85 21 91
38 85 44 91
17 86 23 92
46 87 52 93
74 87 80 93
10 88 16 94
52 89 58 95
60 89 66 95
26 90 32 96
71 90 77 96
95 90 101 96
92 91 98 97
65 92 71 98
10 93 16 99
50 93 56 99
18 94 24 100
46 94 52 100
56 94 62 100
61 94 67 100
30 95 36 101
39 95 45 101
7 96 13 102
50 96 56 102
64 96 70 102
