54
22 -3 28 3
22 0 28 6
25 0 31 6
68 0 74 6
0 4 6 10
20 5 26 11
56 5 62 11
85 6 91 12
80 7 86 13
25 8 31 14
6 9 12 15
33 11 39 17
61 12 67 18
73 12 79 18
70 14 76 20
12 17 18 23
90 21 96 27
36 23 42 29
73 23 79 29
84 23 90 29
96 27 102 33
73 29 79 35
-3 31 3 37
75 31 81 37
2 35 8 41
83 35 89 41
79 45 85 51
32 46 38 52
77 47 83 53
13 52 19 58
60 53 66 59
1 58 7 64
14 58 20 64
14 62 20 68
58 63 64 69
44 65 50 71
64 66 70 72
40 70 46 76
91 72 97 78
26 77 32 83
4 79 10 85
76 79 82 85
40 80 46 86
59 82 65 88
67 82 73 88
61 87 67 93
10 89 16 95
52 89 58 95
25 90 31 96
65 92 71 98
18 94 24 100
46 94 52 100
63 94 69 100
30 96 36 102
