73
36 -2 42 4
25 0 31 6
69 0 75 6
36 1 42 7
0 4 6 10
20 5 26 11
56 5 62 11
24 6 30 12
85 6 91 12
80 7 86 13
6 9 12 15
25 9 31 15
33 11 39 17
61 12 67 18
73 12 79 18
96 13 102 19
35 14 41 20
12 17 18 23
75 20 81 26
90 21 96 27
36 23 42 29
72 23 78 29
84 23 90 29
73 29 79 35
27 30 33 36
75 32 81 38
2 35 8 41
83 35 89 41
14 37 20 43
13 38 19 44
65 38 71 44
66 39 72 45
79 44 85 50
32 46 38 52
91 46 97 52
95 46 101 52
-1 47 5 53
25 47 31 53
-2 50 4 56
60 53 66 59
73 53 79 59
0 54 6 60
27 55 33 61
76 55 82 61
30 56 36 62
13 58 19 64
34 58 40 64
1 59 7 65
82 61 88 67
14 62 20 68
58 63 64 69
44 65 50 71
64 66 70 72
5 69 11 75
12 69 18 75
15 69 21 75
91 72 97 78
9 76 15 82
66 76 72 82
69 76 75 82
26 77 32 83
40 80 46 86
59 82 65 88
67 82 73 88
73 88 79 94
10 89 16 95
52 89 58 95
71 89 77 95
46 94 52 100
63 94 69 100
30 96 36 102
39 96 45 102
64 96 70 102
