37
28 -3 34 3
68 -2 74 4
0 4 6 10
20 5 26 11
61 12 67 18
12 17 18 23
89 21 95 27
36 23 42 29
96 27 102 33
-3 31 3 37
1 34 7 40
83 35 89 41
10 41 16 47
32 46 38 52
13 52 19 58
34 58 40 64
82 61 88 67
58 63 64 69
44 66 50 72
64 66 70 72
5 69 11 75
40 70 46 76
90 72 96 78
9 77 15 83
26 77 32 83
6 79 12 85
40 79 46 85
76 79 82 85
59 82 65 88
61 86 67 92
10 89 16 95
52 89 58 95
17 94 23 100
66 94 72 100
43 95 49 101
23 96 29 102
42 96 48 102
