55
22 -3 28 3
25 0 31 6
68 0 74 6
0 4 6 10
20 5 26 11
56 5 62 11
85 6 91 12
80 7 86 13
6 9 12 15
33 11 39 17
61 12 67 18
73 12 79 18
96 13 102 19
70 14 76 20
12 17 18 23
74 21 80 27
90 21 96 27
36 23 42 29
85 23 91 29
25 27 31 33
96 27 102 33
27 30 33 36
73 30 79 36
-3 31 3 37
83 35 89 41
10 41 16 47
32 46 38 52
25 47 31 53
13 52 19 58
60 53 66 59
73 53 79 59
14 58 20 64
34 58 40 64
82 61 88 67
14 62 20 68
44 65 50 71
64 66 70 72
5 69 11 75
40 70 46 76
91 72 97 78
9 76 15 82
26 77 32 83
4 79 10 85
40 79 46 85
76 79 82 85
59 82 65 88
68 82 74 88
61 87 67 93
10 89 16 95
52 89 58 95
25 90 31 96
65 92 71 98
18 94 24 100
46 94 52 100
39 96 45 102
