           4   1.00292027       75.9316559            9494
           5   1.00530899       75.9168549            7515
           6   1.00835311       75.9477463            6203
           7   1.01190543       75.9497528            5322
           8   1.01521838       75.9495926            4682
           9   1.01871181       75.9323578            4216
          10   1.02250493       75.9330139            3837
          12   1.03060091       75.9237289            3309
          13   1.03585589       75.9494553            3109
          14   1.03789389       75.9256134            2989
          15   1.03703737       76.0182724            2871
          17   1.04170525       75.9656448            2707
          19   1.04604840       75.9503632            2554
          20   1.04796493       75.9941025            2490
          22   1.05188119       76.0038528            2365
          25   1.05547452       76.0085526            2229
          27   1.05724764       75.9765549            2177
          30   1.06144714       75.9591980            2084
          33   1.06219435       75.9805756            2025
          36   1.06641722       75.9275970            1952
          39   1.06874073       75.9287949            1907
          43   1.07211626       75.9533539            1850
          47   1.07356763       76.0142746            1796
          52   1.07754242       75.9941483            1746
          57   1.07912517       75.9586411            1708
          63   1.07972264       75.9667892            1667
          69   1.08511734       75.9332275            1626
          75   1.08784926       75.9752579            1584
          83   1.08902538       75.9543076            1542
          91   1.09252107       75.9372635            1505
       10001   1.89004040       75.2481003             222
        1000   1.25542736       75.7135239             605
         100   1.08979440       75.9034042            1486
        1096   1.25882041       75.7225494             577
         109   1.09257519       75.9226456            1456
        1202   1.26570117       75.6678619             561
         120   1.09897900       75.8869629            1424
        1318   1.27373874       75.5910950             552
         131   1.09908915       75.8850784            1392
        1445   1.28568375       75.8319550             520
         144   1.10623825       75.8637924            1351
        1585   1.28641391       75.8111343             499
         158   1.11167109       75.8862991            1326
        1737   1.30083275       75.8566284             481
         173   1.11590791       75.8159561            1266
        1905   1.31788921       75.6917572             465
         190   1.12347281       75.8730545            1220
        2089   1.31858182       75.6587753             451
         208   1.13043213       75.9259262            1180
        2291   1.36069691       75.6373215             434
         229   1.13052666       75.9849930            1148
        2512   1.38874507       75.7764664             417
         251   1.13761926       75.9256363            1098
        2754   1.38207424       75.7667160             398
         275   1.14148843       75.9145584            1067
        3020   1.40827537       75.7269287             387
         302   1.15036273       75.8691940            1011
        3311   1.44024742       75.6441116             375
         331   1.15495074       75.7884140             990
        3631   1.45213616       75.7282791             369
         363   1.15896225       75.7725830             942
        3981   1.46462715       75.8248367             355
         398   1.16702139       75.8466644             897
        4365   1.46820664       75.7641754             343
         436   1.17550969       75.8234329             861
        4786   1.55471826       75.7389832             320
         478   1.17371213       75.7660599             833
        5248   1.54952180       75.5671997             312
         524   1.17763627       75.7837296             814
        5754   1.53645313       75.5784607             310
         575   1.19336569       75.7052841             779
        6310   1.53817952       75.4744873             293
         631   1.21370304       75.7625656             749
        6918   1.58163834       75.2721100             274
         691   1.21502101       75.7172012             719
        7586   1.64528382       75.2887268             270
         758   1.23209548       75.7550125             683
        8318   1.70422411       75.0411987             255
         831   1.24337494       75.5444946             650
        9121   1.78587508       75.0177383             231
         912   1.24700642       75.5886154             636
