97
22 -3 28 3
36 -2 42 4
21 0 27 6
25 0 31 6
69 0 75 6
36 1 42 7
20 5 26 11
24 5 30 11
41 5 47 11
56 5 62 11
85 6 91 12
80 7 86 13
6 9 12 15
25 9 31 15
33 10 39 16
73 12 79 18
35 14 41 20
70 14 76 20
12 17 18 23
66 20 72 26
75 20 81 26
36 23 42 29
72 23 78 29
84 23 90 29
25 26 31 32
73 29 79 35
27 30 33 36
-3 31 3 37
29 33 35 39
75 33 81 39
2 35 8 41
14 35 20 41
29 35 35 41
84 35 90 41
13 39 19 45
9 41 15 47
67 41 73 47
32 46 38 52
52 46 58 52
91 46 97 52
95 46 101 52
25 48 31 54
51 48 57 54
-2 50 4 56
95 50 101 56
91 51 97 57
12 52 18 58
0 53 6 59
15 53 21 59
60 53 66 59
73 53 79 59
25 55 31 61
15 56 21 62
30 56 36 62
13 58 19 64
34 58 40 64
1 60 7 66
82 61 88 67
23 63 29 69
58 63 64 69
44 64 50 70
95 64 101 70
64 66 70 72
93 66 99 72
5 69 11 75
12 69 18 75
16 69 22 75
40 70 46 76
91 72 97 78
31 73 37 79
34 74 40 80
9 75 15 81
70 76 76 82
26 77 32 83
17 78 23 84
19 79 25 85
76 79 82 85
73 81 79 87
59 82 65 88
67 82 73 88
15 85 21 91
17 86 23 92
10 88 16 94
74 88 80 94
52 89 58 95
61 89 67 95
25 90 31 96
71 90 77 96
10 94 16 100
46 94 52 100
62 94 68 100
30 95 36 101
39 95 45 101
56 95 62 101
7 96 13 102
58 96 64 102
64 96 70 102
