158
22 -3 28 3
58 -3 64 3
10 -2 16 4
36 -2 42 4
91 -2 97 4
8 -1 14 5
18 0 24 6
70 0 76 6
36 1 42 7
17 2 23 8
53 3 59 9
0 4 6 10
38 4 44 10
50 4 56 10
20 5 26 11
24 5 30 11
42 5 48 11
56 6 62 12
80 6 86 12
6 9 12 15
25 9 31 15
33 10 39 16
51 12 57 18
61 12 67 18
85 12 91 18
15 13 21 19
40 13 46 19
96 13 102 19
17 14 23 20
35 14 41 20
70 14 76 20
83 14 89 20
41 16 47 22
93 16 99 22
12 17 18 23
92 18 98 24
25 19 31 25
68 19 74 25
75 20 81 26
25 21 31 27
66 21 72 27
90 21 96 27
36 23 42 29
71 23 77 29
84 23 90 29
7 24 13 30
11 24 17 30
0 25 6 31
8 26 14 32
25 26 31 32
37 26 43 32
41 26 47 32
96 26 102 32
10 27 16 33
1 28 7 34
73 29 79 35
27 30 33 36
-3 31 3 37
82 31 88 37
29 32 35 38
80 32 86 38
48 33 54 39
64 33 70 39
68 34 74 40
75 34 81 40
14 35 20 41
84 35 90 41
2 36 8 42
29 36 35 42
63 38 69 44
13 39 19 45
74 40 80 46
9 41 15 47
68 41 74 47
75 44 81 50
0 46 6 52
9 46 15 52
32 46 38 52
49 46 55 52
91 46 97 52
95 46 101 52
9 48 15 54
49 48 55 54
25 49 31 55
51 49 57 55
-2 50 4 56
95 50 101 56
68 51 74 57
15 52 21 58
1 53 7 59
12 53 18 59
61 53 67 59
69 53 75 59
73 53 79 59
24 55 30 61
78 55 84 61
15 56 21 62
31 56 37 62
57 56 63 62
55 57 61 63
13 58 19 64
71 58 77 64
83 58 89 64
73 61 79 67
82 61 88 67
25 63 31 69
54 63 60 69
58 63 64 69
45 64 51 70
22 65 28 71
64 66 70 72
86 67 92 73
93 67 99 73
5 69 11 75
31 72 37 78
9 74 15 80
34 74 40 80
40 74 46 80
65 75 71 81
70 76 76 82
17 77 23 83
26 77 32 83
76 79 82 85
20 80 26 86
4 81 10 87
40 81 46 87
73 81 79 87
37 82 43 88
59 82 65 88
67 82 73 88
47 83 53 89
15 85 21 91
38 85 44 91
52 85 58 91
52 87 58 93
74 87 80 93
10 88 16 94
52 89 58 95
60 89 66 95
26 90 32 96
95 90 101 96
71 91 77 97
92 91 98 97
65 92 71 98
-2 93 4 99
-1 93 5 99
0 93 6 99
10 93 16 99
50 93 56 99
18 94 24 100
46 94 52 100
56 94 62 100
61 94 67 100
30 95 36 101
39 95 45 101
7 96 13 102
50 96 56 102
64 96 70 102
