246
23 -3 29 3
54 -3 60 3
58 -3 64 3
89 -3 95 3
-2 -2 4 4
10 -2 16 4
53 -2 59 4
92 -2 98 4
-3 -1 3 5
7 -1 13 5
49 -1 55 5
88 -1 94 5
18 0 24 6
21 0 27 6
25 0 31 6
50 0 56 6
37 1 43 7
70 1 76 7
76 1 82 7
53 2 59 8
88 2 94 8
17 3 23 9
92 3 98 9
0 4 6 10
38 4 44 10
20 5 26 11
42 5 48 11
80 6 86 12
85 6 91 12
56 7 62 13
64 7 70 13
70 7 76 13
6 9 12 15
19 9 25 15
25 9 31 15
31 9 37 15
33 10 39 16
51 10 57 16
18 11 24 17
80 11 86 17
15 12 21 18
40 12 46 18
42 12 48 18
61 12 67 18
73 12 79 18
39 13 45 19
35 14 41 20
52 14 58 20
80 14 86 20
83 14 89 20
2 16 8 22
41 16 47 22
94 16 100 22
12 18 18 24
84 18 90 24
92 18 98 24
68 19 74 25
88 19 94 25
75 21 81 27
25 22 31 28
47 22 53 28
36 23 42 29
71 23 77 29
84 23 90 29
11 24 17 30
23 24 29 30
48 24 54 30
0 25 6 31
55 25 61 31
59 25 65 31
8 26 14 32
25 26 31 32
96 26 102 32
10 27 16 33
37 27 43 33
1 28 7 34
44 28 50 34
60 28 66 34
89 28 95 34
73 29 79 35
27 30 33 36
91 30 97 36
-3 31 3 37
44 31 50 37
82 31 88 37
-1 32 5 38
29 32 35 38
34 32 40 38
80 32 86 38
44 33 50 39
48 33 54 39
64 33 70 39
-1 34 5 40
68 34 74 40
75 34 81 40
44 35 50 41
46 35 52 41
84 35 90 41
92 35 98 41
29 36 35 42
36 36 42 42
96 36 102 42
34 37 40 43
76 37 82 43
62 38 68 44
71 38 77 44
72 38 78 44
13 39 19 45
52 39 58 45
91 39 97 45
36 40 42 46
53 40 59 46
74 40 80 46
9 41 15 47
34 41 40 47
68 41 74 47
13 42 19 48
76 42 82 48
39 43 45 49
80 43 86 49
52 44 58 50
75 44 81 50
0 45 6 51
40 45 46 51
8 46 14 52
49 46 55 52
78 46 84 52
95 46 101 52
28 47 34 53
61 47 67 53
9 48 15 54
48 48 54 54
78 48 84 54
22 49 28 55
25 49 31 55
29 49 35 55
61 49 67 55
-2 50 4 56
20 50 26 56
76 50 82 56
7 51 13 57
68 51 74 57
84 51 90 57
15 52 21 58
91 52 97 58
1 53 7 59
12 53 18 59
19 53 25 59
61 53 67 59
73 53 79 59
7 54 13 60
69 54 75 60
5 55 11 61
23 55 29 61
78 55 84 61
15 56 21 62
31 56 37 62
57 56 63 62
85 56 91 62
5 57 11 63
51 57 57 63
55 57 61 63
12 58 18 64
34 58 40 64
71 58 77 64
83 58 89 64
51 60 57 66
82 61 88 67
14 62 20 68
20 62 26 68
23 62 29 68
25 63 31 69
49 63 55 69
54 63 60 69
58 63 64 69
95 63 101 69
42 64 48 70
45 64 51 70
50 64 56 70
56 64 62 70
15 65 21 71
22 65 28 71
41 66 47 72
14 67 20 73
64 67 70 73
93 67 99 73
5 69 11 75
12 69 18 75
16 70 22 76
40 70 46 76
71 72 77 78
91 72 97 78
9 73 15 79
26 73 32 79
69 73 75 79
-2 74 4 80
1 74 7 80
34 74 40 80
38 74 44 80
65 74 71 80
41 75 47 81
45 76 51 82
70 76 76 82
84 76 90 82
85 76 91 82
16 77 22 83
28 79 34 85
63 79 69 85
76 79 82 85
20 80 26 86
63 80 69 86
4 81 10 87
73 81 79 87
36 82 42 88
47 82 53 88
59 82 65 88
67 82 73 88
52 83 58 89
15 85 21 91
38 85 44 91
17 86 23 92
33 86 39 92
45 87 51 93
53 87 59 93
75 87 81 93
9 88 15 94
34 88 40 94
12 89 18 95
60 89 66 95
46 90 52 96
96 90 102 96
43 91 49 97
66 92 72 98
42 93 48 99
50 93 56 99
61 93 67 99
0 94 6 100
18 94 24 100
47 94 53 100
56 94 62 100
40 95 46 101
90 95 96 101
7 96 13 102
50 96 56 102
64 96 70 102
69 96 75 102
