40
28 -3 34 3
68 -1 74 5
0 4 6 10
20 5 26 11
56 5 62 11
82 7 88 13
4 9 10 15
61 12 67 18
96 13 102 19
12 17 18 23
89 21 95 27
86 23 92 29
96 27 102 33
-3 31 3 37
83 35 89 41
25 46 31 52
32 46 38 52
13 52 19 58
60 53 66 59
34 58 40 64
58 63 64 69
44 66 50 72
64 66 70 72
5 69 11 75
40 70 46 76
90 72 96 78
9 77 15 83
26 77 32 83
6 79 12 85
40 79 46 85
76 79 82 85
59 82 65 88
61 86 67 92
10 89 16 95
52 89 58 95
24 90 30 96
17 94 23 100
44 94 50 100
65 94 71 100
41 96 47 102
