117
58 -3 64 3
36 -2 42 4
21 0 27 6
69 0 75 6
36 1 42 7
0 4 6 10
20 5 26 11
24 5 30 11
41 5 47 11
56 5 62 11
85 6 91 12
80 7 86 13
6 9 12 15
25 9 31 15
33 10 39 16
61 12 67 18
73 12 79 18
96 13 102 19
35 14 41 20
70 14 76 20
12 17 18 23
68 19 74 25
75 20 81 26
66 21 72 27
90 21 96 27
36 23 42 29
72 23 78 29
84 23 90 29
10 25 16 31
11 25 17 31
0 26 6 32
25 26 31 32
38 26 44 32
40 26 46 32
1 27 7 33
96 27 102 33
73 29 79 35
27 30 33 36
-3 31 3 37
29 32 35 38
65 33 71 39
75 33 81 39
68 34 74 40
2 35 8 41
14 35 20 41
29 35 35 41
84 35 90 41
63 38 69 44
13 39 19 45
76 39 82 45
36 40 42 46
9 41 15 47
35 41 41 47
80 43 86 49
0 46 6 52
32 46 38 52
52 46 58 52
95 46 101 52
25 48 31 54
51 48 57 54
76 49 82 55
-2 50 4 56
95 50 101 56
91 51 97 57
15 52 21 58
12 53 18 59
60 53 66 59
73 53 79 59
25 55 31 61
77 55 83 61
30 56 36 62
13 58 19 64
34 58 40 64
71 59 77 65
1 60 7 66
82 61 88 67
14 62 20 68
23 63 29 69
95 64 101 70
22 65 28 71
64 66 70 72
93 66 99 72
5 69 11 75
12 69 18 75
16 69 22 75
40 70 46 76
31 72 37 78
91 72 97 78
34 74 40 80
9 75 15 81
65 75 71 81
70 76 76 82
26 77 32 83
17 78 23 84
76 79 82 85
4 80 10 86
19 80 25 86
40 80 46 86
73 81 79 87
59 82 65 88
67 82 73 88
15 85 21 91
17 86 23 92
10 88 16 94
74 88 80 94
52 89 58 95
61 89 67 95
25 90 31 96
71 90 77 96
65 92 71 98
10 94 16 100
18 94 24 100
46 94 52 100
30 95 36 101
39 95 45 101
56 95 62 101
64 96 70 102
