327
23 -3 29 3
54 -3 60 3
58 -3 64 3
67 -3 73 3
89 -3 95 3
-2 -2 4 4
10 -2 16 4
36 -2 42 4
53 -2 59 4
92 -2 98 4
76 -1 82 5
88 -1 94 5
18 0 24 6
25 0 31 6
90 0 96 6
37 1 43 7
70 1 76 7
32 2 38 8
33 2 39 8
53 2 59 8
88 2 94 8
17 3 23 9
93 3 99 9
0 4 6 10
9 4 15 10
24 4 30 10
37 4 43 10
49 4 55 10
20 5 26 11
9 6 15 12
42 6 48 12
80 6 86 12
84 6 90 12
92 6 98 12
28 7 34 13
56 7 62 13
64 7 70 13
0 8 6 14
0 9 6 15
6 9 12 15
19 9 25 15
25 9 31 15
31 9 37 15
51 9 57 15
33 10 39 16
88 10 94 16
18 11 24 17
80 11 86 17
15 12 21 18
40 12 46 18
42 12 48 18
61 12 67 18
73 12 79 18
86 12 92 18
89 12 95 18
35 14 41 20
52 14 58 20
83 14 89 20
96 14 102 20
17 15 23 21
2 16 8 22
41 16 47 22
0 18 6 24
3 18 9 24
24 18 30 24
74 18 80 24
75 18 81 24
84 18 90 24
92 18 98 24
23 19 29 25
38 19 44 25
68 19 74 25
88 19 94 25
0 20 6 26
23 20 29 26
37 20 43 26
65 21 71 27
75 21 81 27
90 21 96 27
25 22 31 28
32 22 38 28
34 22 40 28
7 23 13 29
36 23 42 29
60 23 66 29
71 23 77 29
84 23 90 29
11 24 17 30
19 24 25 30
23 24 29 30
48 24 54 30
-1 25 5 31
53 25 59 31
56 25 62 31
8 26 14 32
25 26 31 32
96 26 102 32
10 27 16 33
37 27 43 33
44 28 50 34
89 28 95 34
73 29 79 35
27 30 33 36
66 30 72 36
70 30 76 36
91 30 97 36
-3 31 3 37
32 31 38 37
44 31 50 37
70 31 76 37
29 32 35 38
34 32 40 38
80 32 86 38
30 33 36 39
48 33 54 39
63 33 69 39
-1 34 5 40
68 34 74 40
75 34 81 40
2 35 8 41
30 35 36 41
44 35 50 41
84 35 90 41
92 35 98 41
28 36 34 42
36 36 42 42
40 36 46 42
96 36 102 42
2 37 8 43
33 37 39 43
40 37 46 43
57 37 63 43
76 37 82 43
33 38 39 44
57 38 63 44
70 38 76 44
72 38 78 44
91 38 97 44
2 39 8 45
14 39 20 45
52 39 58 45
9 40 15 46
36 40 42 46
53 40 59 46
74 40 80 46
89 40 95 46
1 41 7 47
2 41 8 47
34 41 40 47
68 41 74 47
13 42 19 48
16 42 22 48
76 42 82 48
96 42 102 48
26 43 32 49
39 43 45 49
80 43 86 49
11 44 17 50
16 44 22 50
52 44 58 50
75 44 81 50
0 45 6 51
11 45 17 51
15 45 21 51
8 46 14 52
31 46 37 52
49 46 55 52
61 46 67 52
78 46 84 52
91 46 97 52
28 47 34 53
4 48 10 54
5 48 11 54
9 48 15 54
21 48 27 54
48 48 54 54
78 48 84 54
88 48 94 54
22 49 28 55
25 49 31 55
29 49 35 55
43 49 49 55
61 49 67 55
87 49 93 55
92 49 98 55
93 49 99 55
-2 50 4 56
20 50 26 56
75 50 81 56
95 50 101 56
7 51 13 57
68 51 74 57
84 51 90 57
15 52 21 58
90 52 96 58
1 53 7 59
12 53 18 59
19 53 25 59
73 53 79 59
7 54 13 60
5 55 11 61
23 55 29 61
69 55 75 61
79 55 85 61
57 56 63 62
5 57 11 63
48 57 54 63
51 57 57 63
55 57 61 63
12 58 18 64
34 58 40 64
71 58 77 64
83 58 89 64
-2 59 4 65
41 59 47 65
-3 60 3 66
40 60 46 66
50 60 56 66
70 60 76 66
71 60 77 66
20 61 26 67
82 61 88 67
23 62 29 68
73 62 79 68
26 63 32 69
54 63 60 69
58 63 64 69
95 63 101 69
42 64 48 70
45 64 51 70
51 64 57 70
56 64 62 70
15 65 21 71
22 65 28 71
41 66 47 72
64 66 70 72
14 67 20 73
85 67 91 73
93 67 99 73
6 68 12 74
88 68 94 74
5 69 11 75
8 69 14 75
12 69 18 75
16 70 22 76
41 70 47 76
9 72 15 78
31 72 37 78
39 72 45 78
71 72 77 78
80 72 86 78
81 72 87 78
91 72 97 78
26 73 32 79
65 73 71 79
69 73 75 79
-2 74 4 80
1 74 7 80
28 74 34 80
34 74 40 80
38 74 44 80
52 74 58 80
42 75 48 81
84 76 90 82
86 76 92 82
16 77 22 83
26 77 32 83
67 78 73 84
68 78 74 84
28 79 34 85
76 79 82 85
85 79 91 85
20 80 26 86
86 80 92 86
4 81 10 87
12 81 18 87
29 81 35 87
63 81 69 87
73 81 79 87
11 82 17 88
36 82 42 88
40 82 46 88
47 82 53 88
59 82 65 88
51 83 57 89
87 83 93 89
15 85 21 91
38 85 44 91
88 85 94 91
93 85 99 91
95 85 101 91
17 86 23 92
33 86 39 92
45 87 51 93
53 87 59 93
61 87 67 93
63 87 69 93
67 87 73 93
9 88 15 94
34 88 40 94
47 89 53 95
60 89 66 95
27 90 33 96
43 90 49 96
46 91 52 97
91 91 97 97
-3 92 3 98
5 92 11 98
7 92 13 98
66 92 72 98
71 92 77 98
10 93 16 99
42 93 48 99
50 93 56 99
0 94 6 100
6 94 12 100
18 94 24 100
23 94 29 100
24 94 30 100
30 94 36 100
47 94 53 100
56 94 62 100
90 95 96 101
8 96 14 102
50 96 56 102
64 96 70 102
69 96 75 102
