27
-3 -7 17 13
-2 13 18 33
-2 49 18 69
2 -4 22 16
5 54 25 74
10 5 30 25
16 29 36 49
20 89 40 109
24 -9 44 11
26 -7 46 13
28 76 48 96
34 3 54 23
39 18 59 38
45 6 65 26
46 53 66 73
54 75 74 95
56 51 76 71
59 56 79 76
60 37 80 57
62 -2 82 18
65 83 85 103
70 19 90 39
72 33 92 53
72 69 92 89
82 3 102 23
82 45 102 65
83 17 103 37
7 48
9 34 29 54
9 86 29 106
10 5 30 25
11 85 31 105
12 61 32 81
13 68 33 88
14 83 34 103
16 29 36 49
16 64 36 84
17 0 37 20
18 -7 38 13
18 1 38 21
19 3 39 23
19 18 39 38
19 30 39 50
19 34 39 54
19 89 39 109
21 -6 41 14
24 -10 44 10
24 75 44 95
25 22 45 42
25 73 45 93
26 41 46 61
26 58 46 78
26 68 46 88
29 -5 49 15
29 22 49 42
31 56 51 76
31 69 51 89
32 6 52 26
33 30 53 50
33 67 53 87
34 2 54 22
34 61 54 81
36 73 56 93
37 68 57 88
38 45 58 65
39 -7 59 13
39 25 59 45
39 88 59 108
42 18 62 38
42 44 62 64
43 -9 63 11
44 61 64 81
45 84 65 104
46 -6 66 14
46 5 66 25
46 53 66 73
46 62 66 82
46 66 66 86
48 18 68 38
48 70 68 90
49 8 69 28
49 23 69 43
50 49 70 69
51 27 71 47
51 64 71 84
54 66 74 86
54 75 74 95
56 17 76 37
56 47 76 67
56 51 76 71
57 37 77 57
57 48 77 68
58 15 78 35
59 57 79 77
60 86 80 106
62 -2 82 18
62 5 82 25
62 9 82 29
63 33 83 53
65 24 85 44
65 84 85 104
67 2 87 22
67 27 87 47
68 58 88 78
69 63 89 83
70 10 90 30
70 19 90 39
72 69 92 89
73 13 93 33
74 -3 94 17
74 33 94 53
74 66 94 86
75 60 95 80
76 30 96 50
76 40 96 60
77 31 97 51
78 8 98 28
79 10 99 30
80 39 100 59
80 67 100 87
82 45 102 65
82 53 102 73
83 19 103 39
83 64 103 84
83 88 103 108
84 85 104 105
85 58 105 78
86 43 106 63
87 11 107 31
87 39 107 59
87 49 107 69
88 23 108 43
88 32 108 52
89 0 109 20
89 43 109 63
89 57 109 77
