36
-10 20 10 40
-9 61 11 81
-3 -7 17 13
-2 13 18 33
-2 49 18 69
2 -3 22 17
5 54 25 74
6 89 26 109
10 5 30 25
14 82 34 102
16 29 36 49
16 79 36 99
20 89 40 109
27 -6 47 14
28 76 48 96
34 3 54 23
39 18 59 38
39 25 59 45
45 6 65 26
54 75 74 95
59 56 79 76
62 -2 82 18
63 33 83 53
65 83 85 103
70 19 90 39
71 2 91 22
72 33 92 53
72 69 92 89
75 52 95 72
79 53 99 73
82 3 102 23
82 45 102 65
83 17 103 37
87 10 107 30
87 59 107 79
89 17 109 37
