1.00 10.000 0.000 200 100 25908
1.00 10.000 0.000 200 100 1208
1.00 10.000 0.000 200 100 23121
1.00 10.000 0.000 200 100 26977
1.00 10.000 0.000 200 100 25634
1.00 10.000 0.000 200 100 16165
1.00 10.000 0.000 200 100 1977
1.00 10.000 0.000 200 100 6026
1.00 10.000 0.000 200 100 7604
1.00 10.000 0.000 200 100 4931
1.00 10.000 0.000 200 100 7381
1.00 10.000 0.000 200 100 10007
1.00 10.000 0.000 200 100 31212
1.00 10.000 0.000 200 100 5697
1.00 10.000 0.000 200 100 19059
1.00 10.000 0.000 200 100 1865
1.00 10.000 0.000 200 100 16692
1.00 10.000 0.000 200 100 14272
1.00 10.000 0.000 200 100 15819
1.00 10.000 0.000 200 100 6300
1.00 10.000 0.000 200 100 5065
1.00 10.000 0.000 200 100 30591
1.00 10.000 0.000 200 100 29886
1.00 10.000 0.000 200 100 971
1.00 10.000 0.000 200 100 7226
1.00 10.000 0.000 200 100 8433
1.00 10.000 0.000 200 100 7117
1.00 10.000 0.000 200 100 21016
1.00 10.000 0.000 200 100 27191
1.00 10.000 0.000 200 100 6557
1.00 10.000 0.000 200 100 13041
1.00 10.000 0.000 200 100 4535
1.00 10.000 0.000 200 100 29364
1.00 10.000 0.000 200 100 17533
1.00 10.000 0.000 200 100 21549
1.00 10.000 0.000 200 100 28693
1.00 10.000 0.000 200 100 29105
1.00 10.000 0.000 200 100 11449
1.00 10.000 0.000 200 100 12874
1.00 10.000 0.000 200 100 30586
1.00 10.000 0.000 200 100 29649
1.00 10.000 0.000 200 100 11634
1.00 10.000 0.000 200 100 17501
1.00 10.000 0.000 200 100 20997
1.00 10.000 0.000 200 100 3778
1.00 10.000 0.000 200 100 27827
1.00 10.000 0.000 200 100 15978
1.00 10.000 0.000 200 100 7508
1.00 10.000 0.000 200 100 24012
1.00 10.000 0.000 200 100 13652
1.00 10.000 0.000 200 100 2756
1.00 10.000 0.000 200 100 29127
1.00 10.000 0.000 200 100 1770
1.00 10.000 0.000 200 100 10333
1.00 10.000 0.000 200 100 6363
1.00 10.000 0.000 200 100 13766
1.00 10.000 0.000 200 100 11213
1.00 10.000 0.000 200 100 24100
1.00 10.000 0.000 200 100 27714
1.00 10.000 0.000 200 100 28031
1.00 10.000 0.000 200 100 22111
1.00 10.000 0.000 200 100 24771
1.00 10.000 0.000 200 100 24382
1.00 10.000 0.000 200 100 29209
1.00 10.000 0.000 200 100 13371
1.00 10.000 0.000 200 100 26472
1.00 10.000 0.000 200 100 10278
1.00 10.000 0.000 200 100 18641
1.00 10.000 0.000 200 100 5908
1.00 10.000 0.000 200 100 19687
1.00 10.000 0.000 200 100 25021
1.00 10.000 0.000 200 100 18966
1.00 10.000 0.000 200 100 29005
1.00 10.000 0.000 200 100 25226
1.00 10.000 0.000 200 100 14266
1.00 10.000 0.000 200 100 17080
1.00 10.000 0.000 200 100 24357
1.00 10.000 0.000 200 100 25499
1.00 10.000 0.000 200 100 23055
1.00 10.000 0.000 200 100 19732
1.00 10.000 0.000 200 100 21536
1.00 10.000 0.000 200 100 23009
1.00 10.000 0.000 200 100 6694
1.00 10.000 0.000 200 100 14356
1.00 10.000 0.000 200 100 6196
1.00 10.000 0.000 200 100 23461
1.00 10.000 0.000 200 100 31386
1.00 10.000 0.000 200 100 24049
1.00 10.000 0.000 200 100 24854
1.00 10.000 0.000 200 100 21770
1.00 10.000 0.000 200 100 17321
1.00 10.000 0.000 200 100 30267
1.00 10.000 0.000 200 100 2337
1.00 10.000 0.000 200 100 14312
1.00 10.000 0.000 200 100 1826
1.00 10.000 0.000 200 100 16368
1.00 10.000 0.000 200 100 9242
1.00 10.000 0.000 200 100 10260
1.00 10.000 0.000 200 100 22102
1.00 10.000 0.000 200 100 7974
