           1  0.999894917       25.8551178            2936
           2   1.00135028       25.8504925            1831
           3   1.00399327       25.7794151            1279
           4   1.00925958       25.8121834             971
           5   1.01525581       25.8351498             766
           6   1.02594602       25.8966618             605
           7   1.04051793       25.8772793             507
           8   1.05219400       25.8689728             431
           9   1.06426287       25.8147240             386
          10   1.07592058       25.8946896             365
          12   1.10217226       25.7655830             304
          13   1.11769104       25.7585468             297
          14   1.11681914       25.7571507             290
          15   1.13449490       25.6924400             267
          17   1.14799333       25.8192444             251
          19   1.14999807       25.7906818             246
          20   1.16611302       25.8381081             234
          22   1.19834888       25.6805782             224
          25   1.26064503       25.5103302             187
          27   1.25897181       25.6260796             184
          30   1.25344348       25.5996151             182
          33   1.27085650       25.5028782             171
          36   1.27867675       25.4790325             171
          39   1.25973845       25.4942760             163
          43   1.28258383       25.5509472             158
          47   1.24318862       25.5160332             163
          52   1.28322947       25.5749741             149
          57   1.32026267       25.5645485             144
          63   1.38313389       25.5415821             139
          69   1.40723908       25.4250107             132
          75   1.36865437       25.5457973             134
          83   1.35974562       25.4959106             124
          91   1.38993120       25.4288921             124
         100   1.43537819       25.5657024             118
        1000   2.72876072       24.7144508              33
       10000   6.51284933       22.0163174               8
         109   1.55962121       25.5444946             112
        1096   2.77279162       25.3203583              34
         120   1.53567934       25.5825043             113
        1202   2.99133825       25.5254803              28
         131   1.52433133       25.5731125             118
        1318   4.13504505       26.3419743              22
         144   1.51434684       25.6566124             111
        1445   4.37414265       25.7662144              20
         158   1.51658487       25.7136650             113
        1585   3.77216005       25.3512287              20
         173   1.48134565       25.5687408             103
        1737   5.00582457       26.3118896              17
         190   1.55589366       25.4187546              91
        1905   5.85482073       25.6371326              14
         208   1.54837239       25.5315228              96
        2089   3.60098767       22.8332691              12
         229   1.49430275       25.2585583              90
        2291   3.31837368       22.6985321              12
         251   1.52337480       25.4434891              85
        2512   4.86943197       24.6801376              11
         275   1.65795076       25.3528061              83
        2754   5.16004229       24.9723511              11
         302   1.54270124       25.2820911              70
        3020   5.23036242       22.7829514              10
         331   1.77027810       25.4563503              70
        3311   9.29602623       20.9388409               8
         363   1.69083524       25.3226147              61
        3631   7.25853395       21.5182362               8
         398   1.82735348       25.4655151              56
        3981   5.84475613       23.7838249               8
         436   1.89483392       25.4879875              55
        4365   4.46141148       21.6911373               7
         478   1.79992545       25.7134018              52
        4786   9.12348938       23.3253880               7
         524   1.83336544       25.4951649              53
        5248   5.49254084       23.5966530               7
         575   2.04178929       25.6602345              50
        5754   5.12681913       23.1278954               8
         631   2.21184874       25.9880257              40
        6310   5.71849108       22.8390293               6
         691   2.31078815       25.9169312              37
        6918   8.57197762       24.4215565               8
         758   2.40298939       25.7758789              34
        7586   3.90476847       21.6746273               8
         831   2.17402005       25.5325794              38
        8318   7.76447058       21.2047729               7
         912   2.65052247       25.4744167              33
        9121   9.39416313       24.5930958               7
