572
-10 -1 10 19
-10 23 10 43
-10 60 10 80
-10 123 10 143
-9 -1 11 19
-9 66 11 86
-9 83 11 103
-9 180 11 200
-8 11 12 31
-8 183 12 203
-7 53 13 73
-7 68 13 88
-7 135 13 155
-6 128 14 148
-6 183 14 203
-5 119 15 139
-5 164 15 184
-5 178 15 198
-5 267 15 287
-4 57 16 77
-4 173 16 193
-3 27 17 47
-3 191 17 211
-3 205 17 225
-2 84 18 104
-2 116 18 136
-2 172 18 192
3 39 23 59
3 74 23 94
3 199 23 219
3 238 23 258
4 27 24 47
4 138 24 158
4 268 24 288
5 9 25 29
5 139 25 159
6 228 26 248
6 242 26 262
6 264 26 284
7 15 27 35
7 84 27 104
7 267 27 287
9 130 29 150
9 182 29 202
9 269 29 289
10 276 30 296
11 33 31 53
11 254 31 274
12 37 32 57
12 71 32 91
12 131 32 151
13 58 33 78
13 67 33 87
15 7 35 27
15 283 35 303
16 219 36 239
17 118 37 138
17 135 37 155
17 162 37 182
17 281 37 301
20 80 40 100
20 125 40 145
20 207 40 227
20 261 40 281
21 35 41 55
22 34 42 54
22 209 42 229
23 44 43 64
24 41 44 61
24 86 44 106
24 223 44 243
24 280 44 300
25 110 45 130
26 75 46 95
26 191 46 211
26 252 46 272
26 260 46 280
27 170 47 190
28 206 48 226
29 147 49 167
30 218 50 238
31 133 51 153
32 1 52 21
32 73 52 93
32 139 52 159
32 166 52 186
32 232 52 252
33 167 53 187
33 169 53 189
34 205 54 225
37 67 57 87
37 136 57 156
38 17 58 37
38 119 58 139
39 7 59 27
39 131 59 151
40 12 60 32
40 285 60 305
41 20 61 40
41 259 61 279
42 218 62 238
43 22 63 42
43 84 63 104
43 152 63 172
43 253 63 273
43 271 63 291
44 82 64 102
44 88 64 108
45 32 65 52
45 222 65 242
45 261 65 281
45 264 65 284
45 287 65 307
46 75 66 95
47 130 67 150
47 197 67 217
48 2 68 22
48 259 68 279
49 31 69 51
49 275 69 295
50 4 70 24
50 132 70 152
51 263 71 283
52 40 72 60
53 137 73 157
53 268 73 288
54 116 74 136
54 166 74 186
54 288 74 308
55 186 75 206
55 194 75 214
55 206 75 226
55 213 75 233
55 275 75 295
56 252 76 272
57 11 77 31
58 115 78 135
58 268 78 288
59 61 79 81
59 281 79 301
60 252 80 272
61 225 81 245
61 236 81 256
63 -2 83 18
63 50 83 70
63 93 83 113
63 238 83 258
63 245 83 265
64 225 84 245
65 77 85 97
66 21 86 41
66 41 86 61
66 126 86 146
66 162 86 182
67 129 87 149
70 58 90 78
71 40 91 60
71 94 91 114
71 156 91 176
71 183 91 203
71 247 91 267
72 -10 92 10
72 52 92 72
72 80 92 100
72 205 92 225
72 236 92 256
73 168 93 188
73 211 93 231
74 109 94 129
74 187 94 207
75 115 95 135
75 255 95 275
75 275 95 295
76 153 96 173
77 195 97 215
77 263 97 283
79 165 99 185
80 53 100 73
80 159 100 179
80 201 100 221
81 34 101 54
81 88 101 108
82 70 102 90
82 152 102 172
82 236 102 256
83 109 103 129
83 120 103 140
83 130 103 150
83 263 103 283
84 213 104 233
85 48 105 68
85 61 105 81
86 -4 106 16
86 258 106 278
87 67 107 87
87 170 107 190
88 185 108 205
89 63 109 83
89 288 109 308
93 85 113 105
94 32 114 52
94 152 114 172
95 -2 115 18
95 112 115 132
95 163 115 183
96 33 116 53
96 94 116 114
96 173 116 193
96 226 116 246
96 240 116 260
97 41 117 61
98 204 118 224
99 3 119 23
100 122 120 142
101 38 121 58
101 107 121 127
101 235 121 255
101 246 121 266
102 37 122 57
102 110 122 130
102 186 122 206
104 -9 124 11
104 8 124 28
104 90 124 110
106 55 126 75
106 206 126 226
107 57 127 77
107 185 127 205
107 244 127 264
109 4 129 24
109 204 129 224
110 22 130 42
111 2 131 22
112 19 132 39
112 111 132 131
112 188 132 208
113 107 133 127
113 232 133 252
114 35 134 55
114 175 134 195
114 226 134 246
115 32 135 52
116 136 136 156
117 59 137 79
117 116 137 136
118 39 138 59
118 70 138 90
119 28 139 48
119 41 139 61
119 274 139 294
120 156 140 176
120 260 140 280
121 -8 141 12
121 16 141 36
121 57 141 77
121 90 141 110
121 170 141 190
122 63 142 83
122 124 142 144
123 -7 143 13
123 20 143 40
123 272 143 292
124 283 144 303
125 159 145 179
126 2 146 22
126 112 146 132
127 211 147 231
128 0 148 20
128 205 148 225
131 168 151 188
132 39 152 59
132 278 152 298
133 165 153 185
134 123 154 143
134 178 154 198
135 247 155 267
137 229 157 249
137 234 157 254
138 98 158 118
138 287 158 307
139 280 159 300
140 263 160 283
141 227 161 247
141 252 161 272
142 11 162 31
142 127 162 147
142 245 162 265
143 44 163 64
145 43 165 63
145 204 165 224
146 33 166 53
146 109 166 129
148 155 168 175
149 277 169 297
150 182 170 202
151 69 171 89
151 117 171 137
152 209 172 229
153 277 173 297
154 -9 174 11
154 66 174 86
154 165 174 185
154 200 174 220
155 135 175 155
156 32 176 52
156 49 176 69
156 120 176 140
156 215 176 235
156 225 176 245
157 3 177 23
158 -8 178 12
158 27 178 47
158 113 178 133
159 86 179 106
160 211 180 231
162 23 182 43
162 58 182 78
162 79 182 99
162 194 182 214
163 91 183 111
163 167 183 187
165 19 185 39
165 87 185 107
165 150 185 170
165 204 185 224
165 219 185 239
165 226 185 246
165 243 185 263
165 249 185 269
166 13 186 33
167 164 187 184
167 175 187 195
168 61 188 81
170 173 190 193
171 95 191 115
171 252 191 272
172 181 192 201
173 55 193 75
173 128 193 148
174 -9 194 11
174 135 194 155
174 176 194 196
174 208 194 228
174 273 194 293
176 88 196 108
178 146 198 166
178 274 198 294
180 253 200 273
181 70 201 90
181 118 201 138
181 242 201 262
182 76 202 96
183 67 203 87
183 231 203 251
183 255 203 275
184 6 204 26
184 117 204 137
185 105 205 125
185 194 205 214
185 234 205 254
185 245 205 265
185 265 205 285
185 271 205 291
186 161 206 181
186 198 206 218
186 206 206 226
187 -9 207 11
187 99 207 119
187 121 207 141
188 63 208 83
188 83 208 103
189 24 209 44
189 183 209 203
189 216 209 236
189 218 209 238
190 4 210 24
190 124 210 144
190 167 210 187
191 185 211 205
191 236 211 256
191 245 211 265
194 73 214 93
194 95 214 115
194 106 214 126
194 163 214 183
195 39 215 59
195 242 215 262
196 41 216 61
196 139 216 159
196 145 216 165
196 200 216 220
197 -3 217 17
197 2 217 22
198 8 218 28
198 148 218 168
198 193 218 213
198 232 218 252
200 2 220 22
200 30 220 50
200 63 220 83
200 174 220 194
201 10 221 30
201 185 221 205
203 -2 223 18
203 109 223 129
203 171 223 191
203 258 223 278
203 266 223 286
203 276 223 296
205 239 225 259
208 168 228 188
208 194 228 214
208 271 228 291
209 106 229 126
209 146 229 166
209 181 229 201
209 218 229 238
210 88 230 108
211 18 231 38
211 255 231 275
212 93 232 113
212 94 232 114
212 105 232 125
213 111 233 131
214 205 234 225
215 139 235 159
215 144 235 164
215 193 235 213
216 32 236 52
216 100 236 120
217 141 237 161
218 115 238 135
218 173 238 193
219 30 239 50
219 56 239 76
220 92 240 112
220 98 240 118
220 179 240 199
221 22 241 42
222 111 242 131
222 123 242 143
222 145 242 165
223 225 243 245
223 247 243 267
224 51 244 71
225 -7 245 13
225 5 245 25
225 126 245 146
226 172 246 192
227 136 247 156
227 197 247 217
228 19 248 39
229 106 249 126
229 177 249 197
231 11 251 31
231 236 251 256
231 259 251 279
232 246 252 266
233 25 253 45
234 1 254 21
234 32 254 52
234 40 254 60
234 155 254 175
234 227 254 247
235 78 255 98
235 98 255 118
235 283 255 303
237 8 257 28
237 277 257 297
237 288 257 308
239 4 259 24
239 253 259 273
239 264 259 284
240 17 260 37
241 91 261 111
242 -7 262 13
242 63 262 83
242 261 262 281
243 194 263 214
243 247 263 267
244 252 264 272
245 108 265 128
245 258 265 278
246 34 266 54
247 37 267 57
247 186 267 206
248 42 268 62
248 225 268 245
249 141 269 161
249 167 269 187
250 37 270 57
250 49 270 69
250 163 270 183
250 202 270 222
251 35 271 55
251 43 271 63
252 -6 272 14
252 97 272 117
252 127 272 147
252 209 272 229
253 160 273 180
254 32 274 52
254 58 274 78
255 -7 275 13
255 47 275 67
255 129 275 149
256 262 276 282
257 58 277 78
258 149 278 169
258 228 278 248
259 94 279 114
259 287 279 307
260 201 280 221
260 283 280 303
261 140 281 160
261 242 281 262
262 15 282 35
262 230 282 250
262 264 282 284
262 268 282 288
263 31 283 51
264 86 284 106
266 83 286 103
267 72 287 92
268 -6 288 14
268 66 288 86
268 101 288 121
268 200 288 220
269 202 289 222
269 221 289 241
269 243 289 263
270 58 290 78
271 38 291 58
271 120 291 140
271 142 291 162
271 228 291 248
271 235 291 255
272 115 292 135
273 191 293 211
274 71 294 91
275 76 295 96
275 139 295 159
275 230 295 250
276 41 296 61
276 192 296 212
276 221 296 241
276 275 296 295
277 69 297 89
277 96 297 116
278 3 298 23
278 57 298 77
279 47 299 67
279 120 299 140
279 169 299 189
280 273 300 293
282 101 302 121
282 163 302 183
282 265 302 285
283 -9 303 11
283 16 303 36
283 235 303 255
284 65 304 85
284 102 304 122
284 272 304 292
286 74 306 94
286 92 306 112
286 238 306 258
287 73 307 93
287 136 307 156
287 193 307 213
289 15 309 35
289 49 309 69
